"TOA5","DanaFk._297","CR800","15297","CR800.Std.11","CPU:DanaFk_downloaded_20210707.cr8","13686","T15min"
"TIMESTAMP","RECORD","BattV","Lvl_ft","Temp_C","Observed","Lvl_ft_corr","Offset"
"TS","RN","Volts","feet","deg C","","feet",""
"","","Smp","Smp","Smp","Smp","Smp","Smp"
"2021-09-15 08:45:00",235982,12.58,0.481,8.94,1,0.731,0.25
"2021-09-15 09:00:00",235983,12.58,0.481,8.94,1,0.73,0.25
"2021-09-15 09:15:00",235984,12.58,0.481,9.04,1,0.731,0.25
"2021-09-15 09:30:00",235985,12.57,0.481,9.21,1,0.731,0.25
"2021-09-15 09:45:00",235986,12.56,0.482,9.36,1,0.731,0.25
"2021-09-15 10:00:00",235987,12.56,0.482,9.52,1,0.732,0.25
"2021-09-15 10:15:00",235988,12.55,0.482,9.63,1,0.731,0.25
"2021-09-15 10:30:00",235989,12.55,0.481,9.67,1,0.731,0.25
"2021-09-15 10:45:00",235990,12.55,0.483,9.76,1,0.733,0.25
"2021-09-15 11:00:00",235991,12.55,0.482,9.9,1,0.732,0.25
"2021-09-15 11:15:00",235992,12.54,0.483,10.05,1,0.733,0.25
"2021-09-15 11:30:00",235993,12.55,0.483,10.23,1,0.733,0.25
"2021-09-15 11:45:00",235994,12.55,0.484,10.42,1,0.734,0.25
"2021-09-15 12:00:00",235995,12.55,0.486,10.65,1,0.736,0.25
"2021-09-15 12:15:00",235996,12.55,0.489,11,1,0.739,0.25
"2021-09-15 12:30:00",235997,12.56,0.493,11.27,1,0.743,0.25
"2021-09-15 12:45:00",235998,12.56,0.492,11.53,1,0.742,0.25
"2021-09-15 13:00:00",235999,12.57,0.494,11.71,1,0.744,0.25
"2021-09-15 13:15:00",236000,12.58,0.495,11.94,1,0.745,0.25
"2021-09-15 13:30:00",236001,12.58,0.497,12.22,1,0.746,0.25
"2021-09-15 13:45:00",236002,12.59,0.498,12.48,1,0.747,0.25
"2021-09-15 14:00:00",236003,12.59,0.496,12.71,1,0.746,0.25
"2021-09-15 14:15:00",236004,12.6,0.499,12.96,1,0.749,0.25
"2021-09-15 14:30:00",236005,12.6,0.495,13.09,1,0.745,0.25
"2021-09-15 14:45:00",236006,12.6,0.498,13.17,1,0.748,0.25
"2021-09-15 15:00:00",236007,12.61,0.498,13.36,1,0.748,0.25
"2021-09-15 15:15:00",236008,12.62,0.498,13.51,1,0.747,0.25
"2021-09-15 15:30:00",236009,12.62,0.498,13.67,1,0.748,0.25
"2021-09-15 15:45:00",236010,12.62,0.499,13.82,1,0.749,0.25
"2021-09-15 16:00:00",236011,12.62,0.5,13.98,1,0.75,0.25
"2021-09-15 16:15:00",236012,12.63,0.5,14.08,1,0.75,0.25
"2021-09-15 16:30:00",236013,12.63,0.5,14.16,1,0.75,0.25
"2021-09-15 16:45:00",236014,12.63,0.501,14.23,1,0.75,0.25
"2021-09-15 17:00:00",236015,12.63,0.501,14.29,1,0.75,0.25
"2021-09-15 17:15:00",236016,12.63,0.502,14.35,1,0.751,0.25
"2021-09-15 17:30:00",236017,12.63,0.5,14.41,1,0.75,0.25
"2021-09-15 17:45:00",236018,12.63,0.499,14.46,1,0.748,0.25
"2021-09-15 18:00:00",236019,12.63,0.497,14.48,1,0.746,0.25
"2021-09-15 18:15:00",236020,12.63,0.495,14.48,1,0.745,0.25
"2021-09-15 18:30:00",236021,12.63,0.495,14.43,1,0.745,0.25
"2021-09-15 18:45:00",236022,12.63,0.495,14.41,1,0.745,0.25
"2021-09-15 19:00:00",236023,12.63,0.495,14.38,1,0.745,0.25
"2021-09-15 19:15:00",236024,12.63,0.495,14.32,1,0.745,0.25
"2021-09-15 19:30:00",236025,12.62,0.495,14.25,1,0.744,0.25
"2021-09-15 19:45:00",236026,12.62,0.495,14.18,1,0.745,0.25
"2021-09-15 20:00:00",236027,12.62,0.496,14.1,1,0.745,0.25
"2021-09-15 20:15:00",236028,12.62,0.497,14,1,0.746,0.25
"2021-09-15 20:30:00",236029,12.62,0.499,13.9,1,0.749,0.25
"2021-09-15 20:45:00",236030,12.62,0.501,13.79,1,0.751,0.25
"2021-09-15 21:00:00",236031,12.62,0.501,13.67,1,0.751,0.25
"2021-09-15 21:15:00",236032,12.62,0.502,13.54,1,0.752,0.25
"2021-09-15 21:30:00",236033,12.61,0.501,13.4,1,0.751,0.25
"2021-09-15 21:45:00",236034,12.61,0.502,13.27,1,0.751,0.25
"2021-09-15 22:00:00",236035,12.6,0.501,13.13,1,0.75,0.25
"2021-09-15 22:15:00",236036,12.6,0.501,12.99,1,0.751,0.25
"2021-09-15 22:30:00",236037,12.6,0.501,12.85,1,0.751,0.25
"2021-09-15 22:45:00",236038,12.6,0.5,12.7,1,0.75,0.25
"2021-09-15 23:00:00",236039,12.6,0.5,12.56,1,0.749,0.25
"2021-09-15 23:15:00",236040,12.6,0.5,12.43,1,0.749,0.25
"2021-09-15 23:30:00",236041,12.6,0.5,12.29,1,0.75,0.25
"2021-09-15 23:45:00",236042,12.59,0.499,12.15,1,0.748,0.25
"2021-09-16 00:00:00",236043,12.59,0.497,12.02,1,0.747,0.25
"2021-09-16 00:15:00",236044,12.59,0.496,11.89,1,0.746,0.25
"2021-09-16 00:30:00",236045,12.59,0.494,11.76,1,0.743,0.25
"2021-09-16 00:45:00",236046,12.58,0.491,11.62,1,0.741,0.25
"2021-09-16 01:00:00",236047,12.58,0.491,11.5,1,0.74,0.25
"2021-09-16 01:15:00",236048,12.58,0.492,11.38,1,0.742,0.25
"2021-09-16 01:30:00",236049,12.58,0.494,11.25,1,0.743,0.25
"2021-09-16 01:45:00",236050,12.58,0.495,11.13,1,0.745,0.25
"2021-09-16 02:00:00",236051,12.57,0.496,11.01,1,0.745,0.25
"2021-09-16 02:15:00",236052,12.57,0.494,10.88,1,0.744,0.25
"2021-09-16 02:30:00",236053,12.57,0.494,10.75,1,0.744,0.25
"2021-09-16 02:45:00",236054,12.57,0.494,10.63,1,0.744,0.25
"2021-09-16 03:00:00",236055,12.56,0.493,10.52,1,0.743,0.25
"2021-09-16 03:15:00",236056,12.57,0.493,10.41,1,0.743,0.25
"2021-09-16 03:30:00",236057,12.56,0.492,10.3,1,0.742,0.25
"2021-09-16 03:45:00",236058,12.56,0.492,10.19,1,0.742,0.25
"2021-09-16 04:00:00",236059,12.56,0.491,10.09,1,0.741,0.25
"2021-09-16 04:15:00",236060,12.56,0.491,9.98,1,0.74,0.25
"2021-09-16 04:30:00",236061,12.56,0.49,9.88,1,0.74,0.25
"2021-09-16 04:45:00",236062,12.56,0.49,9.78,1,0.74,0.25
"2021-09-16 05:00:00",236063,12.56,0.49,9.69,1,0.739,0.25
"2021-09-16 05:15:00",236064,12.56,0.489,9.59,1,0.738,0.25
"2021-09-16 05:30:00",236065,12.55,0.488,9.49,1,0.738,0.25
"2021-09-16 05:45:00",236066,12.55,0.488,9.39,1,0.738,0.25
"2021-09-16 06:00:00",236067,12.55,0.487,9.3,1,0.737,0.25
"2021-09-16 06:15:00",236068,12.55,0.488,9.22,1,0.737,0.25
"2021-09-16 06:30:00",236069,12.55,0.487,9.14,1,0.737,0.25
"2021-09-16 06:45:00",236070,12.55,0.487,9.05,1,0.736,0.25
"2021-09-16 07:00:00",236071,12.55,0.486,8.97,1,0.736,0.25
"2021-09-16 07:15:00",236072,12.55,0.486,8.9,1,0.736,0.25
"2021-09-16 07:30:00",236073,12.54,0.486,8.83,1,0.736,0.25
"2021-09-16 07:45:00",236074,12.54,0.485,8.76,1,0.735,0.25
"2021-09-16 08:00:00",236075,12.54,0.484,8.71,1,0.733,0.25
"2021-09-16 08:15:00",236076,12.54,0.482,8.68,1,0.732,0.25
"2021-09-16 08:30:00",236077,12.54,0.48,8.66,1,0.73,0.25
"2021-09-16 08:45:00",236078,12.54,0.479,8.64,1,0.729,0.25
"2021-09-16 09:00:00",236079,12.55,0.479,8.63,1,0.728,0.25
"2021-09-16 09:15:00",236080,12.55,0.48,8.73,1,0.73,0.25
"2021-09-16 09:30:00",236081,12.55,0.483,8.86,1,0.733,0.25
"2021-09-16 09:45:00",236082,12.55,0.486,8.98,1,0.735,0.25
"2021-09-16 10:00:00",236083,12.55,0.487,9.11,1,0.737,0.25
"2021-09-16 10:15:00",236084,12.56,0.487,9.18,1,0.736,0.25
"2021-09-16 10:30:00",236085,12.56,0.487,9.22,1,0.736,0.25
"2021-09-16 10:45:00",236086,12.57,0.487,9.33,1,0.737,0.25
"2021-09-16 11:00:00",236087,12.57,0.488,9.45,1,0.737,0.25
"2021-09-16 11:15:00",236088,12.57,0.488,9.54,1,0.738,0.25
"2021-09-16 11:30:00",236089,12.58,0.489,9.73,1,0.739,0.25
"2021-09-16 11:45:00",236090,12.58,0.488,9.86,1,0.738,0.25
"2021-09-16 12:00:00",236091,12.59,0.489,9.97,1,0.739,0.25
"2021-09-16 12:15:00",236092,12.59,0.49,10.14,1,0.74,0.25
"2021-09-16 12:30:00",236093,12.6,0.491,10.38,1,0.74,0.25
"2021-09-16 12:45:00",236094,12.61,0.491,10.64,1,0.741,0.25
"2021-09-16 13:00:00",236095,12.61,0.493,10.88,1,0.742,0.25
"2021-09-16 13:15:00",236096,12.61,0.493,11.13,1,0.743,0.25
"2021-09-16 13:30:00",236097,12.62,0.493,11.42,1,0.743,0.25
"2021-09-16 13:45:00",236098,12.62,0.495,11.63,1,0.745,0.25
"2021-09-16 14:00:00",236099,12.63,0.496,11.82,1,0.746,0.25
"2021-09-16 14:15:00",236100,12.63,0.497,12.04,1,0.747,0.25
"2021-09-16 14:30:00",236101,12.63,0.497,12.23,1,0.746,0.25
"2021-09-16 14:45:00",236102,12.63,0.497,12.36,1,0.747,0.25
"2021-09-16 15:00:00",236103,12.64,0.496,12.53,1,0.746,0.25
"2021-09-16 15:15:00",236104,12.64,0.499,12.7,1,0.748,0.25
"2021-09-16 15:30:00",236105,12.65,0.496,12.82,1,0.746,0.25
"2021-09-16 15:45:00",236106,12.65,0.497,12.97,1,0.747,0.25
"2021-09-16 16:00:00",236107,12.65,0.5,13.14,1,0.749,0.25
"2021-09-16 16:15:00",236108,12.65,0.499,13.28,1,0.749,0.25
"2021-09-16 16:30:00",236109,12.65,0.499,13.38,1,0.748,0.25
"2021-09-16 16:45:00",236110,12.65,0.5,13.45,1,0.75,0.25
"2021-09-16 17:00:00",236111,12.65,0.5,13.51,1,0.749,0.25
"2021-09-16 17:15:00",236112,12.65,0.5,13.57,1,0.749,0.25
"2021-09-16 17:30:00",236113,12.65,0.5,13.61,1,0.749,0.25
"2021-09-16 17:45:00",236114,12.65,0.5,13.68,1,0.75,0.25
"2021-09-16 18:00:00",236115,12.65,0.501,13.73,1,0.751,0.25
"2021-09-16 18:15:00",236116,12.65,0.5,13.74,1,0.75,0.25
"2021-09-16 18:30:00",236117,12.65,0.499,13.74,1,0.749,0.25
"2021-09-16 18:45:00",236118,12.65,0.497,13.7,1,0.746,0.25
"2021-09-16 19:00:00",236119,12.65,0.496,13.68,1,0.746,0.25
"2021-09-16 19:15:00",236120,12.65,0.495,13.63,1,0.745,0.25
"2021-09-16 19:30:00",236121,12.64,0.495,13.57,1,0.744,0.25
"2021-09-16 19:45:00",236122,12.64,0.496,13.49,1,0.745,0.25
"2021-09-16 20:00:00",236123,12.64,0.496,13.41,1,0.745,0.25
"2021-09-16 20:15:00",236124,12.64,0.495,13.33,1,0.745,0.25
"2021-09-16 20:30:00",236125,12.64,0.495,13.24,1,0.745,0.25
"2021-09-16 20:45:00",236126,12.63,0.495,13.13,1,0.745,0.25
"2021-09-16 21:00:00",236127,12.63,0.495,13.02,1,0.745,0.25
"2021-09-16 21:15:00",236128,12.63,0.496,12.91,1,0.745,0.25
"2021-09-16 21:30:00",236129,12.63,0.495,12.78,1,0.745,0.25
"2021-09-16 21:45:00",236130,12.62,0.496,12.66,1,0.745,0.25
"2021-09-16 22:00:00",236131,12.62,0.496,12.53,1,0.746,0.25
"2021-09-16 22:15:00",236132,12.62,0.499,12.4,1,0.748,0.25
"2021-09-16 22:30:00",236133,12.62,0.5,12.26,1,0.75,0.25
"2021-09-16 22:45:00",236134,12.61,0.501,12.13,1,0.75,0.25
"2021-09-16 23:00:00",236135,12.61,0.501,11.99,1,0.751,0.25
"2021-09-16 23:15:00",236136,12.61,0.501,11.84,1,0.751,0.25
"2021-09-16 23:30:00",236137,12.6,0.501,11.71,1,0.751,0.25
"2021-09-16 23:45:00",236138,12.6,0.5,11.58,1,0.75,0.25
"2021-09-17 00:00:00",236139,12.6,0.5,11.45,1,0.75,0.25
"2021-09-17 00:15:00",236140,12.6,0.5,11.32,1,0.75,0.25
"2021-09-17 00:30:00",236141,12.6,0.5,11.19,1,0.749,0.25
"2021-09-17 00:45:00",236142,12.6,0.5,11.07,1,0.749,0.25
"2021-09-17 01:00:00",236143,12.59,0.499,10.92,1,0.749,0.25
"2021-09-17 01:15:00",236144,12.59,0.499,10.79,1,0.749,0.25
"2021-09-17 01:30:00",236145,12.59,0.499,10.66,1,0.748,0.25
"2021-09-17 01:45:00",236146,12.59,0.498,10.54,1,0.748,0.25
"2021-09-17 02:00:00",236147,12.59,0.498,10.42,1,0.747,0.25
"2021-09-17 02:15:00",236148,12.58,0.497,10.29,1,0.747,0.25
"2021-09-17 02:30:00",236149,12.58,0.498,10.17,1,0.747,0.25
"2021-09-17 02:45:00",236150,12.58,0.496,10.06,1,0.746,0.25
"2021-09-17 03:00:00",236151,12.58,0.496,9.93,1,0.746,0.25
"2021-09-17 03:15:00",236152,12.57,0.495,9.83,1,0.745,0.25
"2021-09-17 03:30:00",236153,12.57,0.495,9.72,1,0.744,0.25
"2021-09-17 03:45:00",236154,12.57,0.495,9.61,1,0.745,0.25
"2021-09-17 04:00:00",236155,12.57,0.494,9.48,1,0.744,0.25
"2021-09-17 04:15:00",236156,12.57,0.494,9.36,1,0.744,0.25
"2021-09-17 04:30:00",236157,12.56,0.494,9.28,1,0.743,0.25
"2021-09-17 04:45:00",236158,12.56,0.494,9.18,1,0.743,0.25
"2021-09-17 05:00:00",236159,12.56,0.493,9.07,1,0.743,0.25
"2021-09-17 05:15:00",236160,12.56,0.492,8.98,1,0.742,0.25
"2021-09-17 05:30:00",236161,12.56,0.491,8.91,1,0.741,0.25
"2021-09-17 05:45:00",236162,12.56,0.491,8.82,1,0.741,0.25
"2021-09-17 06:00:00",236163,12.56,0.491,8.73,1,0.741,0.25
"2021-09-17 06:15:00",236164,12.56,0.49,8.64,1,0.74,0.25
"2021-09-17 06:30:00",236165,12.56,0.49,8.56,1,0.74,0.25
"2021-09-17 06:45:00",236166,12.55,0.489,8.48,1,0.739,0.25
"2021-09-17 07:00:00",236167,12.56,0.49,8.4,1,0.739,0.25
"2021-09-17 07:15:00",236168,12.56,0.489,8.32,1,0.739,0.25
"2021-09-17 07:30:00",236169,12.55,0.488,8.26,1,0.738,0.25
"2021-09-17 07:45:00",236170,12.55,0.488,8.2,1,0.738,0.25
"2021-09-17 08:00:00",236171,12.55,0.488,8.14,1,0.738,0.25
"2021-09-17 08:15:00",236172,12.55,0.489,8.1,1,0.738,0.25
"2021-09-17 08:30:00",236173,12.55,0.489,8.06,1,0.738,0.25
"2021-09-17 08:45:00",236174,12.55,0.489,8.04,1,0.738,0.25
"2021-09-17 09:00:00",236175,12.55,0.489,8.02,1,0.738,0.25
"2021-09-17 09:15:00",236176,12.56,0.49,8.13,1,0.74,0.25
"2021-09-17 09:30:00",236177,12.56,0.49,8.25,1,0.74,0.25
"2021-09-17 09:45:00",236178,12.56,0.49,8.41,1,0.739,0.25
"2021-09-17 10:00:00",236179,12.56,0.491,8.52,1,0.74,0.25
"2021-09-17 10:15:00",236180,12.56,0.491,8.58,1,0.74,0.25
"2021-09-17 10:30:00",236181,12.58,0.491,8.62,1,0.741,0.25
"2021-09-17 10:45:00",236182,12.57,0.491,8.73,1,0.74,0.25
"2021-09-17 11:00:00",236183,12.58,0.491,8.81,1,0.741,0.25
"2021-09-17 11:15:00",236184,12.58,0.491,9.02,1,0.741,0.25
"2021-09-17 11:30:00",236185,12.59,0.493,9.27,1,0.743,0.25
"2021-09-17 11:45:00",236186,12.59,0.491,9.47,1,0.741,0.25
"2021-09-17 12:00:00",236187,12.6,0.491,9.76,1,0.741,0.25
"2021-09-17 12:15:00",236188,12.61,0.49,10.03,1,0.74,0.25
"2021-09-17 12:30:00",236189,12.61,0.489,10.08,1,0.738,0.25
"2021-09-17 12:45:00",236190,12.62,0.487,10.3,1,0.737,0.25
"2021-09-17 13:00:00",236191,12.62,0.488,10.51,1,0.738,0.25
"2021-09-17 13:15:00",236192,12.63,0.486,10.72,1,0.736,0.25
"2021-09-17 13:30:00",236193,12.63,0.488,10.99,1,0.737,0.25
"2021-09-17 13:45:00",236194,12.63,0.489,11.14,1,0.739,0.25
"2021-09-17 14:00:00",236195,12.64,0.491,11.31,1,0.741,0.25
"2021-09-17 14:15:00",236196,12.64,0.49,11.5,1,0.74,0.25
"2021-09-17 14:30:00",236197,12.65,0.49,11.65,1,0.74,0.25
"2021-09-17 14:45:00",236198,12.65,0.489,11.84,1,0.739,0.25
"2021-09-17 15:00:00",236199,12.65,0.49,11.98,1,0.74,0.25
"2021-09-17 15:15:00",236200,12.65,0.492,12.08,1,0.742,0.25
"2021-09-17 15:30:00",236201,12.65,0.491,12.15,1,0.74,0.25
"2021-09-17 15:45:00",236202,12.65,0.491,12.23,1,0.741,0.25
"2021-09-17 16:00:00",236203,12.66,0.492,12.31,1,0.742,0.25
"2021-09-17 16:15:00",236204,12.66,0.495,12.36,1,0.745,0.25
"2021-09-17 16:30:00",236205,12.66,0.496,12.43,1,0.745,0.25
"2021-09-17 16:45:00",236206,12.65,0.498,12.47,1,0.747,0.25
"2021-09-17 17:00:00",236207,12.65,0.501,12.52,1,0.75,0.25
"2021-09-17 17:15:00",236208,12.66,0.498,12.61,1,0.748,0.25
"2021-09-17 17:30:00",236209,12.66,0.499,12.66,1,0.749,0.25
"2021-09-17 17:45:00",236210,12.66,0.5,12.7,1,0.75,0.25
"2021-09-17 18:00:00",236211,12.66,0.499,12.74,1,0.749,0.25
"2021-09-17 18:15:00",236212,12.65,0.5,12.76,1,0.75,0.25
"2021-09-17 18:30:00",236213,12.65,0.501,12.76,1,0.751,0.25
"2021-09-17 18:45:00",236214,12.65,0.501,12.72,1,0.75,0.25
"2021-09-17 19:00:00",236215,12.65,0.5,12.7,1,0.75,0.25
"2021-09-17 19:15:00",236216,12.65,0.501,12.65,1,0.75,0.25
"2021-09-17 19:30:00",236217,12.64,0.501,12.58,1,0.75,0.25
"2021-09-17 19:45:00",236218,12.64,0.501,12.52,1,0.75,0.25
"2021-09-17 20:00:00",236219,12.64,0.501,12.44,1,0.75,0.25
"2021-09-17 20:15:00",236220,12.64,0.5,12.35,1,0.75,0.25
"2021-09-17 20:30:00",236221,12.64,0.501,12.26,1,0.75,0.25
"2021-09-17 20:45:00",236222,12.63,0.501,12.15,1,0.75,0.25
"2021-09-17 21:00:00",236223,12.63,0.501,12.03,1,0.75,0.25
"2021-09-17 21:15:00",236224,12.63,0.5,11.91,1,0.749,0.25
"2021-09-17 21:30:00",236225,12.63,0.501,11.79,1,0.75,0.25
"2021-09-17 21:45:00",236226,12.62,0.5,11.67,1,0.75,0.25
"2021-09-17 22:00:00",236227,12.62,0.5,11.54,1,0.749,0.25
"2021-09-17 22:15:00",236228,12.62,0.501,11.43,1,0.75,0.25
"2021-09-17 22:30:00",236229,12.62,0.5,11.32,1,0.749,0.25
"2021-09-17 22:45:00",236230,12.61,0.5,11.22,1,0.749,0.25
"2021-09-17 23:00:00",236231,12.61,0.5,11.1,1,0.749,0.25
"2021-09-17 23:15:00",236232,12.61,0.499,11.01,1,0.749,0.25
"2021-09-17 23:30:00",236233,12.61,0.499,10.9,1,0.749,0.25
"2021-09-17 23:45:00",236234,12.61,0.499,10.78,1,0.748,0.25
"2021-09-18 00:00:00",236235,12.61,0.498,10.66,1,0.747,0.25
"2021-09-18 00:15:00",236236,12.61,0.498,10.56,1,0.748,0.25
"2021-09-18 00:30:00",236237,12.6,0.498,10.46,1,0.747,0.25
"2021-09-18 00:45:00",236238,12.6,0.497,10.34,1,0.746,0.25
"2021-09-18 01:00:00",236239,12.6,0.497,10.24,1,0.746,0.25
"2021-09-18 01:15:00",236240,12.6,0.497,10.13,1,0.746,0.25
"2021-09-18 01:30:00",236241,12.6,0.496,10.02,1,0.745,0.25
"2021-09-18 01:45:00",236242,12.6,0.495,9.9,1,0.745,0.25
"2021-09-18 02:00:00",236243,12.6,0.495,9.79,1,0.745,0.25
"2021-09-18 02:15:00",236244,12.6,0.495,9.7,1,0.744,0.25
"2021-09-18 02:30:00",236245,12.6,0.494,9.6,1,0.744,0.25
"2021-09-18 02:45:00",236246,12.6,0.494,9.51,1,0.744,0.25
"2021-09-18 03:00:00",236247,12.59,0.493,9.41,1,0.743,0.25
"2021-09-18 03:15:00",236248,12.59,0.493,9.31,1,0.743,0.25
"2021-09-18 03:30:00",236249,12.59,0.493,9.21,1,0.743,0.25
"2021-09-18 03:45:00",236250,12.59,0.492,9.12,1,0.742,0.25
"2021-09-18 04:00:00",236251,12.59,0.492,9.02,1,0.742,0.25
"2021-09-18 04:15:00",236252,12.58,0.491,8.93,1,0.741,0.25
"2021-09-18 04:30:00",236253,12.58,0.49,8.84,1,0.74,0.25
"2021-09-18 04:45:00",236254,12.58,0.49,8.76,1,0.74,0.25
"2021-09-18 05:00:00",236255,12.58,0.488,8.66,1,0.737,0.25
"2021-09-18 05:15:00",236256,12.58,0.485,8.58,1,0.735,0.25
"2021-09-18 05:30:00",236257,12.57,0.484,8.49,1,0.733,0.25
"2021-09-18 05:45:00",236258,12.57,0.482,8.41,1,0.732,0.25
"2021-09-18 06:00:00",236259,12.57,0.482,8.31,1,0.731,0.25
"2021-09-18 06:15:00",236260,12.57,0.481,8.24,1,0.731,0.25
"2021-09-18 06:30:00",236261,12.57,0.481,8.17,1,0.731,0.25
"2021-09-18 06:45:00",236262,12.56,0.481,8.08,1,0.731,0.25
"2021-09-18 07:00:00",236263,12.56,0.481,7.986,1,0.731,0.25
"2021-09-18 07:15:00",236264,12.56,0.481,7.912,1,0.73,0.25
"2021-09-18 07:30:00",236265,12.56,0.48,7.839,1,0.73,0.25
"2021-09-18 07:45:00",236266,12.56,0.48,7.767,1,0.73,0.25
"2021-09-18 08:00:00",236267,12.56,0.481,7.703,1,0.731,0.25
"2021-09-18 08:15:00",236268,12.56,0.483,7.646,1,0.733,0.25
"2021-09-18 08:30:00",236269,12.56,0.485,7.602,1,0.735,0.25
"2021-09-18 08:45:00",236270,12.56,0.487,7.579,1,0.737,0.25
"2021-09-18 09:00:00",236271,12.56,0.487,7.561,1,0.737,0.25
"2021-09-18 09:15:00",236272,12.56,0.488,7.701,1,0.738,0.25
"2021-09-18 09:30:00",236273,12.56,0.489,7.802,1,0.738,0.25
"2021-09-18 09:45:00",236274,12.56,0.489,7.955,1,0.739,0.25
"2021-09-18 10:00:00",236275,12.56,0.49,8.04,1,0.739,0.25
"2021-09-18 10:15:00",236276,12.57,0.49,8.08,1,0.74,0.25
"2021-09-18 10:30:00",236277,12.58,0.49,8.13,1,0.74,0.25
"2021-09-18 10:45:00",236278,12.58,0.489,8.18,1,0.738,0.25
"2021-09-18 11:00:00",236279,12.59,0.494,8.26,1,0.743,0.25
"2021-09-18 11:15:00",236280,12.58,0.489,8.47,1,0.739,0.25
"2021-09-18 11:30:00",236281,12.59,0.49,8.56,1,0.74,0.25
"2021-09-18 11:45:00",236282,12.59,0.489,8.69,1,0.738,0.25
"2021-09-18 12:00:00",236283,12.6,0.492,9.13,1,0.741,0.25
"2021-09-18 12:15:00",236284,12.6,0.492,9.47,1,0.742,0.25
"2021-09-18 12:30:00",236285,12.62,0.49,9.66,1,0.74,0.25
"2021-09-18 12:45:00",236286,12.62,0.495,9.8,1,0.744,0.25
"2021-09-18 13:00:00",236287,12.62,0.493,9.93,1,0.743,0.25
"2021-09-18 13:15:00",236288,12.62,0.494,10.29,1,0.744,0.25
"2021-09-18 13:30:00",236289,12.62,0.495,10.5,1,0.744,0.25
"2021-09-18 13:45:00",236290,12.63,0.497,10.74,1,0.747,0.25
"2021-09-18 14:00:00",236291,12.63,0.496,11.01,1,0.746,0.25
"2021-09-18 14:15:00",236292,12.63,0.496,11.11,1,0.746,0.25
"2021-09-18 14:30:00",236293,12.64,0.499,11.18,1,0.748,0.25
"2021-09-18 14:45:00",236294,12.63,0.497,11.32,1,0.747,0.25
"2021-09-18 15:00:00",236295,12.64,0.498,11.43,1,0.748,0.25
"2021-09-18 15:15:00",236296,12.65,0.499,11.55,1,0.749,0.25
"2021-09-18 15:30:00",236297,12.65,0.499,11.67,1,0.749,0.25
"2021-09-18 15:45:00",236298,12.65,0.5,11.75,1,0.749,0.25
"2021-09-18 16:00:00",236299,12.65,0.497,11.86,1,0.747,0.25
"2021-09-18 16:15:00",236300,12.65,0.502,11.94,1,0.752,0.25
"2021-09-18 16:30:00",236301,12.65,0.502,12.02,1,0.752,0.25
"2021-09-18 16:45:00",236302,12.65,0.5,12.14,1,0.75,0.25
"2021-09-18 17:00:00",236303,12.65,0.501,12.23,1,0.751,0.25
"2021-09-18 17:15:00",236304,12.65,0.498,12.32,1,0.748,0.25
"2021-09-18 17:30:00",236305,12.65,0.496,12.38,1,0.746,0.25
"2021-09-18 17:45:00",236306,12.65,0.494,12.39,1,0.744,0.25
"2021-09-18 18:00:00",236307,12.64,0.493,12.41,1,0.742,0.25
"2021-09-18 18:15:00",236308,12.65,0.492,12.38,1,0.742,0.25
"2021-09-18 18:30:00",236309,12.64,0.492,12.37,1,0.742,0.25
"2021-09-18 18:45:00",236310,12.64,0.491,12.33,1,0.741,0.25
"2021-09-18 19:00:00",236311,12.64,0.492,12.3,1,0.741,0.25
"2021-09-18 19:15:00",236312,12.64,0.491,12.23,1,0.74,0.25
"2021-09-18 19:30:00",236313,12.64,0.49,12.15,1,0.74,0.25
"2021-09-18 19:45:00",236314,12.63,0.491,12.09,1,0.74,0.25
"2021-09-18 20:00:00",236315,12.63,0.491,12.02,1,0.741,0.25
"2021-09-18 20:15:00",236316,12.63,0.491,11.95,1,0.741,0.25
"2021-09-18 20:30:00",236317,12.63,0.491,11.84,1,0.74,0.25
"2021-09-18 20:45:00",236318,12.63,0.491,11.75,1,0.74,0.25
"2021-09-18 21:00:00",236319,12.62,0.491,11.65,1,0.741,0.25
"2021-09-18 21:15:00",236320,12.62,0.493,11.55,1,0.742,0.25
"2021-09-18 21:30:00",236321,12.62,0.494,11.43,1,0.744,0.25
"2021-09-18 21:45:00",236322,12.62,0.495,11.31,1,0.745,0.25
"2021-09-18 22:00:00",236323,12.61,0.495,11.18,1,0.745,0.25
"2021-09-18 22:15:00",236324,12.61,0.496,11.04,1,0.746,0.25
"2021-09-18 22:30:00",236325,12.61,0.495,10.9,1,0.745,0.25
"2021-09-18 22:45:00",236326,12.61,0.496,10.75,1,0.745,0.25
"2021-09-18 23:00:00",236327,12.61,0.495,10.61,1,0.744,0.25
"2021-09-18 23:15:00",236328,12.6,0.495,10.48,1,0.745,0.25
"2021-09-18 23:30:00",236329,12.6,0.494,10.35,1,0.744,0.25
"2021-09-18 23:45:00",236330,12.6,0.495,10.21,1,0.745,0.25
"2021-09-19 00:00:00",236331,12.6,0.495,10.09,1,0.745,0.25
"2021-09-19 00:15:00",236332,12.59,0.495,9.95,1,0.744,0.25
"2021-09-19 00:30:00",236333,12.59,0.494,9.81,1,0.744,0.25
"2021-09-19 00:45:00",236334,12.59,0.494,9.68,1,0.744,0.25
"2021-09-19 01:00:00",236335,12.59,0.494,9.56,1,0.744,0.25
"2021-09-19 01:15:00",236336,12.58,0.493,9.43,1,0.743,0.25
"2021-09-19 01:30:00",236337,12.58,0.493,9.31,1,0.743,0.25
"2021-09-19 01:45:00",236338,12.58,0.492,9.17,1,0.741,0.25
"2021-09-19 02:00:00",236339,12.58,0.492,9.06,1,0.742,0.25
"2021-09-19 02:15:00",236340,12.58,0.492,8.94,1,0.741,0.25
"2021-09-19 02:30:00",236341,12.57,0.492,8.83,1,0.741,0.25
"2021-09-19 02:45:00",236342,12.57,0.492,8.72,1,0.741,0.25
"2021-09-19 03:00:00",236343,12.57,0.491,8.6,1,0.741,0.25
"2021-09-19 03:15:00",236344,12.57,0.491,8.48,1,0.74,0.25
"2021-09-19 03:30:00",236345,12.57,0.49,8.36,1,0.739,0.25
"2021-09-19 03:45:00",236346,12.56,0.489,8.24,1,0.739,0.25
"2021-09-19 04:00:00",236347,12.56,0.489,8.14,1,0.739,0.25
"2021-09-19 04:15:00",236348,12.56,0.488,8.04,1,0.738,0.25
"2021-09-19 04:30:00",236349,12.56,0.488,7.942,1,0.738,0.25
"2021-09-19 04:45:00",236350,12.56,0.487,7.854,1,0.737,0.25
"2021-09-19 05:00:00",236351,12.56,0.487,7.784,1,0.736,0.25
"2021-09-19 05:15:00",236352,12.56,0.486,7.706,1,0.736,0.25
"2021-09-19 05:30:00",236353,12.56,0.487,7.635,1,0.736,0.25
"2021-09-19 05:45:00",236354,12.56,0.486,7.578,1,0.736,0.25
"2021-09-19 06:00:00",236355,12.56,0.486,7.526,1,0.735,0.25
"2021-09-19 06:15:00",236356,12.56,0.485,7.474,1,0.735,0.25
"2021-09-19 06:30:00",236357,12.56,0.485,7.431,1,0.734,0.25
"2021-09-19 06:45:00",236358,12.56,0.484,7.393,1,0.734,0.25
"2021-09-19 07:00:00",236359,12.56,0.484,7.354,1,0.734,0.25
"2021-09-19 07:15:00",236360,12.55,0.484,7.313,1,0.733,0.25
"2021-09-19 07:30:00",236361,12.55,0.483,7.283,1,0.733,0.25
"2021-09-19 07:45:00",236362,12.56,0.483,7.259,1,0.733,0.25
"2021-09-19 08:00:00",236363,12.56,0.482,7.234,1,0.732,0.25
"2021-09-19 08:15:00",236364,12.56,0.483,7.216,1,0.733,0.25
"2021-09-19 08:30:00",236365,12.56,0.482,7.201,1,0.731,0.25
"2021-09-19 08:45:00",236366,12.56,0.482,7.195,1,0.732,0.25
"2021-09-19 09:00:00",236367,12.57,0.482,7.179,1,0.732,0.25
"2021-09-19 09:15:00",236368,12.56,0.482,7.33,1,0.732,0.25
"2021-09-19 09:30:00",236369,12.57,0.483,7.507,1,0.733,0.25
"2021-09-19 09:45:00",236370,12.58,0.481,7.792,1,0.731,0.25
"2021-09-19 10:00:00",236371,12.58,0.483,8,1,0.733,0.25
"2021-09-19 10:15:00",236372,12.59,0.48,8.12,1,0.73,0.25
"2021-09-19 10:30:00",236373,12.59,0.478,8.1,1,0.728,0.25
"2021-09-19 10:45:00",236374,12.59,0.477,8.09,1,0.726,0.25
"2021-09-19 11:00:00",236375,12.6,0.474,8.25,1,0.723,0.25
"2021-09-19 11:15:00",236376,12.6,0.48,8.37,1,0.729,0.25
"2021-09-19 11:30:00",236377,12.6,0.473,8.43,1,0.722,0.25
"2021-09-19 11:45:00",236378,12.6,0.474,8.46,1,0.724,0.25
"2021-09-19 12:00:00",236379,12.61,0.475,8.56,1,0.724,0.25
"2021-09-19 12:15:00",236380,12.6,0.475,8.8,1,0.724,0.25
"2021-09-19 12:30:00",236381,12.61,0.472,9.07,1,0.721,0.25
"2021-09-19 12:45:00",236382,12.62,0.471,9.37,1,0.72,0.25
"2021-09-19 13:00:00",236383,12.62,0.475,9.6,1,0.725,0.25
"2021-09-19 13:15:00",236384,12.62,0.474,9.87,1,0.724,0.25
"2021-09-19 13:30:00",236385,12.63,0.475,10.14,1,0.725,0.25
"2021-09-19 13:45:00",236386,12.63,0.477,10.39,1,0.727,0.25
"2021-09-19 14:00:00",236387,12.63,0.476,10.61,1,0.726,0.25
"2021-09-19 14:15:00",236388,12.63,0.478,10.85,1,0.728,0.25
"2021-09-19 14:30:00",236389,12.64,0.479,11.02,1,0.728,0.25
"2021-09-19 14:45:00",236390,12.64,0.482,11.14,1,0.732,0.25
"2021-09-19 15:00:00",236391,12.64,0.485,11.27,1,0.735,0.25
"2021-09-19 15:15:00",236392,12.64,0.486,11.42,1,0.736,0.25
"2021-09-19 15:30:00",236393,12.65,0.485,11.51,1,0.735,0.25
"2021-09-19 15:45:00",236394,12.65,0.486,11.58,1,0.735,0.25
"2021-09-19 16:00:00",236395,12.65,0.487,11.67,1,0.736,0.25
"2021-09-19 16:15:00",236396,12.65,0.488,11.77,1,0.738,0.25
"2021-09-19 16:30:00",236397,12.65,0.488,11.85,1,0.738,0.25
"2021-09-19 16:45:00",236398,12.65,0.489,11.9,1,0.738,0.25
"2021-09-19 17:00:00",236399,12.65,0.488,11.98,1,0.737,0.25
"2021-09-19 17:15:00",236400,12.65,0.489,12.07,1,0.739,0.25
"2021-09-19 17:30:00",236401,12.65,0.489,12.15,1,0.739,0.25
"2021-09-19 17:45:00",236402,12.65,0.489,12.22,1,0.738,0.25
"2021-09-19 18:00:00",236403,12.65,0.489,12.28,1,0.739,0.25
"2021-09-19 18:15:00",236404,12.65,0.49,12.32,1,0.74,0.25
"2021-09-19 18:30:00",236405,12.65,0.489,12.34,1,0.739,0.25
"2021-09-19 18:45:00",236406,12.65,0.489,12.34,1,0.739,0.25
"2021-09-19 19:00:00",236407,12.64,0.49,12.35,1,0.74,0.25
"2021-09-19 19:15:00",236408,12.64,0.49,12.33,1,0.739,0.25
"2021-09-19 19:30:00",236409,12.64,0.49,12.29,1,0.739,0.25
"2021-09-19 19:45:00",236410,12.64,0.49,12.24,1,0.74,0.25
"2021-09-19 20:00:00",236411,12.64,0.49,12.16,1,0.74,0.25
"2021-09-19 20:15:00",236412,12.64,0.489,12.09,1,0.739,0.25
"2021-09-19 20:30:00",236413,12.63,0.49,12.01,1,0.74,0.25
"2021-09-19 20:45:00",236414,12.63,0.49,11.93,1,0.74,0.25
"2021-09-19 21:00:00",236415,12.63,0.49,11.83,1,0.74,0.25
"2021-09-19 21:15:00",236416,12.62,0.49,11.73,1,0.74,0.25
"2021-09-19 21:30:00",236417,12.62,0.49,11.61,1,0.739,0.25
"2021-09-19 21:45:00",236418,12.62,0.49,11.49,1,0.74,0.25
"2021-09-19 22:00:00",236419,12.62,0.49,11.36,1,0.74,0.25
"2021-09-19 22:15:00",236420,12.61,0.49,11.24,1,0.74,0.25
"2021-09-19 22:30:00",236421,12.61,0.489,11.1,1,0.739,0.25
"2021-09-19 22:45:00",236422,12.61,0.49,10.98,1,0.739,0.25
"2021-09-19 23:00:00",236423,12.61,0.49,10.85,1,0.739,0.25
"2021-09-19 23:15:00",236424,12.61,0.489,10.73,1,0.739,0.25
"2021-09-19 23:30:00",236425,12.6,0.489,10.6,1,0.739,0.25
"2021-09-19 23:45:00",236426,12.6,0.489,10.46,1,0.739,0.25
"2021-09-20 00:00:00",236427,12.6,0.489,10.33,1,0.739,0.25
"2021-09-20 00:15:00",236428,12.6,0.488,10.21,1,0.738,0.25
"2021-09-20 00:30:00",236429,12.59,0.489,10.09,1,0.738,0.25
"2021-09-20 00:45:00",236430,12.59,0.489,9.98,1,0.738,0.25
"2021-09-20 01:00:00",236431,12.59,0.488,9.86,1,0.738,0.25
"2021-09-20 01:15:00",236432,12.59,0.487,9.73,1,0.737,0.25
"2021-09-20 01:30:00",236433,12.59,0.488,9.61,1,0.737,0.25
"2021-09-20 01:45:00",236434,12.59,0.485,9.49,1,0.735,0.25
"2021-09-20 02:00:00",236435,12.58,0.485,9.36,1,0.734,0.25
"2021-09-20 02:15:00",236436,12.58,0.482,9.24,1,0.732,0.25
"2021-09-20 02:30:00",236437,12.58,0.479,9.11,1,0.729,0.25
"2021-09-20 02:45:00",236438,12.58,0.478,8.99,1,0.728,0.25
"2021-09-20 03:00:00",236439,12.57,0.477,8.87,1,0.727,0.25
"2021-09-20 03:15:00",236440,12.58,0.476,8.76,1,0.726,0.25
"2021-09-20 03:30:00",236441,12.58,0.476,8.65,1,0.726,0.25
"2021-09-20 03:45:00",236442,12.57,0.476,8.55,1,0.726,0.25
"2021-09-20 04:00:00",236443,12.57,0.475,8.45,1,0.725,0.25
"2021-09-20 04:15:00",236444,12.57,0.475,8.34,1,0.725,0.25
"2021-09-20 04:30:00",236445,12.57,0.475,8.23,1,0.725,0.25
"2021-09-20 04:45:00",236446,12.57,0.475,8.13,1,0.725,0.25
"2021-09-20 05:00:00",236447,12.57,0.475,8.02,1,0.725,0.25
"2021-09-20 05:15:00",236448,12.57,0.477,7.924,1,0.727,0.25
"2021-09-20 05:30:00",236449,12.56,0.478,7.829,1,0.728,0.25
"2021-09-20 05:45:00",236450,12.56,0.48,7.731,1,0.73,0.25
"2021-09-20 06:00:00",236451,12.56,0.48,7.646,1,0.729,0.25
"2021-09-20 06:15:00",236452,12.56,0.48,7.569,1,0.73,0.25
"2021-09-20 06:30:00",236453,12.56,0.48,7.477,1,0.73,0.25
"2021-09-20 06:45:00",236454,12.56,0.479,7.382,1,0.729,0.25
"2021-09-20 07:00:00",236455,12.56,0.479,7.291,1,0.729,0.25
"2021-09-20 07:15:00",236456,12.56,0.479,7.213,1,0.728,0.25
"2021-09-20 07:30:00",236457,12.56,0.478,7.141,1,0.728,0.25
"2021-09-20 07:45:00",236458,12.56,0.478,7.071,1,0.728,0.25
"2021-09-20 08:00:00",236459,12.56,0.477,7.004,1,0.727,0.25
"2021-09-20 08:15:00",236460,12.56,0.477,6.942,1,0.727,0.25
"2021-09-20 08:30:00",236461,12.56,0.477,6.893,1,0.726,0.25
"2021-09-20 08:45:00",236462,12.56,0.476,6.858,1,0.725,0.25
"2021-09-20 09:00:00",236463,12.56,0.476,6.847,1,0.726,0.25
"2021-09-20 09:15:00",236464,12.56,0.476,7.014,1,0.726,0.25
"2021-09-20 09:30:00",236465,12.56,0.476,7.179,1,0.725,0.25
"2021-09-20 09:45:00",236466,12.56,0.476,7.428,1,0.726,0.25
"2021-09-20 10:00:00",236467,12.56,0.476,7.576,1,0.726,0.25
"2021-09-20 10:15:00",236468,12.58,0.476,7.645,1,0.726,0.25
"2021-09-20 10:30:00",236469,12.58,0.475,7.635,1,0.725,0.25
"2021-09-20 10:45:00",236470,12.58,0.475,7.732,1,0.725,0.25
"2021-09-20 11:00:00",236471,12.59,0.473,7.856,1,0.723,0.25
"2021-09-20 11:15:00",236472,12.59,0.472,7.981,1,0.722,0.25
"2021-09-20 11:30:00",236473,12.6,0.47,8.21,1,0.719,0.25
"2021-09-20 11:45:00",236474,12.61,0.467,8.36,1,0.717,0.25
"2021-09-20 12:00:00",236475,12.61,0.467,8.73,1,0.717,0.25
"2021-09-20 12:15:00",236476,12.62,0.465,9.25,1,0.715,0.25
"2021-09-20 12:30:00",236477,12.63,0.465,9.48,1,0.715,0.25
"2021-09-20 12:45:00",236478,12.64,0.467,9.55,1,0.717,0.25
"2021-09-20 13:00:00",236479,12.64,0.465,9.79,1,0.715,0.25
"2021-09-20 13:15:00",236480,12.64,0.47,10.12,1,0.72,0.25
"2021-09-20 13:30:00",236481,12.65,0.467,10.45,1,0.717,0.25
"2021-09-20 13:45:00",236482,12.66,0.467,10.66,1,0.716,0.25
"2021-09-20 14:00:00",236483,12.66,0.467,10.93,1,0.717,0.25
"2021-09-20 14:15:00",236484,12.66,0.468,11.13,1,0.717,0.25
"2021-09-20 14:30:00",236485,12.66,0.47,11.3,1,0.72,0.25
"2021-09-20 14:45:00",236486,12.67,0.472,11.39,1,0.721,0.25
"2021-09-20 15:00:00",236487,12.67,0.475,11.48,1,0.724,0.25
"2021-09-20 15:15:00",236488,12.67,0.476,11.61,1,0.726,0.25
"2021-09-20 15:30:00",236489,12.68,0.478,11.74,1,0.728,0.25
"2021-09-20 15:45:00",236490,12.68,0.48,11.85,1,0.73,0.25
"2021-09-20 16:00:00",236491,12.68,0.479,12,1,0.729,0.25
"2021-09-20 16:15:00",236492,12.68,0.478,12.16,1,0.728,0.25
"2021-09-20 16:30:00",236493,12.68,0.48,12.27,1,0.73,0.25
"2021-09-20 16:45:00",236494,12.68,0.479,12.36,1,0.729,0.25
"2021-09-20 17:00:00",236495,12.68,0.481,12.42,1,0.73,0.25
"2021-09-20 17:15:00",236496,12.68,0.481,12.52,1,0.731,0.25
"2021-09-20 17:30:00",236497,12.68,0.481,12.59,1,0.73,0.25
"2021-09-20 17:45:00",236498,12.68,0.482,12.68,1,0.731,0.25
"2021-09-20 18:00:00",236499,12.68,0.481,12.75,1,0.731,0.25
"2021-09-20 18:15:00",236500,12.68,0.482,12.79,1,0.732,0.25
"2021-09-20 18:30:00",236501,12.68,0.481,12.8,1,0.731,0.25
"2021-09-20 18:45:00",236502,12.68,0.482,12.81,1,0.732,0.25
"2021-09-20 19:00:00",236503,12.67,0.482,12.82,1,0.732,0.25
"2021-09-20 19:15:00",236504,12.67,0.482,12.81,1,0.731,0.25
"2021-09-20 19:30:00",236505,12.67,0.481,12.79,1,0.731,0.25
"2021-09-20 19:45:00",236506,12.67,0.483,12.75,1,0.732,0.25
"2021-09-20 20:00:00",236507,12.66,0.482,12.72,1,0.732,0.25
"2021-09-20 20:15:00",236508,12.66,0.482,12.67,1,0.732,0.25
"2021-09-20 20:30:00",236509,12.66,0.482,12.6,1,0.731,0.25
"2021-09-20 20:45:00",236510,12.66,0.482,12.52,1,0.732,0.25
"2021-09-20 21:00:00",236511,12.65,0.482,12.44,1,0.732,0.25
"2021-09-20 21:15:00",236512,12.65,0.483,12.35,1,0.733,0.25
"2021-09-20 21:30:00",236513,12.65,0.483,12.27,1,0.733,0.25
"2021-09-20 21:45:00",236514,12.65,0.482,12.18,1,0.732,0.25
"2021-09-20 22:00:00",236515,12.65,0.481,12.08,1,0.731,0.25
"2021-09-20 22:15:00",236516,12.64,0.479,11.95,1,0.728,0.25
"2021-09-20 22:30:00",236517,12.64,0.476,11.82,1,0.726,0.25
"2021-09-20 22:45:00",236518,12.64,0.475,11.69,1,0.725,0.25
"2021-09-20 23:00:00",236519,12.64,0.474,11.58,1,0.723,0.25
"2021-09-20 23:15:00",236520,12.63,0.474,11.45,1,0.724,0.25
"2021-09-20 23:30:00",236521,12.63,0.474,11.33,1,0.723,0.25
"2021-09-20 23:45:00",236522,12.63,0.473,11.2,1,0.722,0.25
"2021-09-21 00:00:00",236523,12.63,0.473,11.09,1,0.723,0.25
"2021-09-21 00:15:00",236524,12.62,0.473,10.97,1,0.723,0.25
"2021-09-21 00:30:00",236525,12.62,0.472,10.85,1,0.722,0.25
"2021-09-21 00:45:00",236526,12.62,0.472,10.73,1,0.722,0.25
"2021-09-21 01:00:00",236527,12.62,0.473,10.61,1,0.722,0.25
"2021-09-21 01:15:00",236528,12.62,0.472,10.49,1,0.721,0.25
"2021-09-21 01:30:00",236529,12.61,0.472,10.37,1,0.722,0.25
"2021-09-21 01:45:00",236530,12.61,0.473,10.26,1,0.723,0.25
"2021-09-21 02:00:00",236531,12.61,0.476,10.16,1,0.725,0.25
"2021-09-21 02:15:00",236532,12.61,0.477,10.05,1,0.726,0.25
"2021-09-21 02:30:00",236533,12.6,0.477,9.94,1,0.727,0.25
"2021-09-21 02:45:00",236534,12.6,0.478,9.83,1,0.728,0.25
"2021-09-21 03:00:00",236535,12.6,0.478,9.72,1,0.728,0.25
"2021-09-21 03:15:00",236536,12.6,0.477,9.6,1,0.727,0.25
"2021-09-21 03:30:00",236537,12.6,0.477,9.48,1,0.727,0.25
"2021-09-21 03:45:00",236538,12.6,0.477,9.36,1,0.726,0.25
"2021-09-21 04:00:00",236539,12.6,0.476,9.23,1,0.726,0.25
"2021-09-21 04:15:00",236540,12.6,0.476,9.11,1,0.726,0.25
"2021-09-21 04:30:00",236541,12.6,0.476,8.99,1,0.726,0.25
"2021-09-21 04:45:00",236542,12.59,0.476,8.9,1,0.725,0.25
"2021-09-21 05:00:00",236543,12.59,0.475,8.79,1,0.725,0.25
"2021-09-21 05:15:00",236544,12.59,0.474,8.69,1,0.724,0.25
"2021-09-21 05:30:00",236545,12.59,0.475,8.58,1,0.724,0.25
"2021-09-21 05:45:00",236546,12.59,0.474,8.47,1,0.724,0.25
"2021-09-21 06:00:00",236547,12.58,0.474,8.35,1,0.723,0.25
"2021-09-21 06:15:00",236548,12.58,0.473,8.25,1,0.723,0.25
"2021-09-21 06:30:00",236549,12.58,0.473,8.15,1,0.723,0.25
"2021-09-21 06:45:00",236550,12.58,0.473,8.05,1,0.722,0.25
"2021-09-21 07:00:00",236551,12.58,0.472,7.965,1,0.722,0.25
"2021-09-21 07:15:00",236552,12.58,0.472,7.885,1,0.722,0.25
"2021-09-21 07:30:00",236553,12.58,0.471,7.801,1,0.721,0.25
"2021-09-21 07:45:00",236554,12.57,0.471,7.73,1,0.721,0.25
"2021-09-21 08:00:00",236555,12.57,0.471,7.669,1,0.72,0.25
"2021-09-21 08:15:00",236556,12.57,0.47,7.625,1,0.72,0.25
"2021-09-21 08:30:00",236557,12.57,0.47,7.589,1,0.72,0.25
"2021-09-21 08:45:00",236558,12.57,0.47,7.553,1,0.719,0.25
"2021-09-21 09:00:00",236559,12.57,0.47,7.54,1,0.72,0.25
"2021-09-21 09:15:00",236560,12.57,0.47,7.579,1,0.72,0.25
"2021-09-21 09:30:00",236561,12.57,0.47,7.642,1,0.719,0.25
"2021-09-21 09:45:00",236562,12.57,0.47,7.727,1,0.72,0.25
"2021-09-21 10:00:00",236563,12.58,0.47,7.802,1,0.72,0.25
"2021-09-21 10:15:00",236564,12.58,0.469,7.877,1,0.719,0.25
"2021-09-21 10:30:00",236565,12.59,0.467,7.942,1,0.717,0.25
"2021-09-21 10:45:00",236566,12.59,0.465,8.07,1,0.715,0.25
"2021-09-21 11:00:00",236567,12.59,0.463,8.17,1,0.713,0.25
"2021-09-21 11:15:00",236568,12.59,0.462,8.3,1,0.712,0.25
"2021-09-21 11:30:00",236569,12.6,0.461,8.5,1,0.71,0.25
"2021-09-21 11:45:00",236570,12.6,0.461,8.61,1,0.711,0.25
"2021-09-21 12:00:00",236571,12.61,0.46,8.76,1,0.71,0.25
"2021-09-21 12:15:00",236572,12.61,0.461,8.95,1,0.711,0.25
"2021-09-21 12:30:00",236573,12.62,0.464,9.22,1,0.714,0.25
"2021-09-21 12:45:00",236574,12.62,0.467,9.47,1,0.717,0.25
"2021-09-21 13:00:00",236575,12.63,0.467,9.75,1,0.716,0.25
"2021-09-21 13:15:00",236576,12.63,0.468,10.02,1,0.718,0.25
"2021-09-21 13:30:00",236577,12.64,0.47,10.27,1,0.72,0.25
"2021-09-21 13:45:00",236578,12.64,0.471,10.47,1,0.721,0.25
"2021-09-21 14:00:00",236579,12.65,0.47,10.7,1,0.719,0.25
"2021-09-21 14:15:00",236580,12.65,0.473,10.87,1,0.722,0.25
"2021-09-21 14:30:00",236581,12.65,0.472,11.02,1,0.722,0.25
"2021-09-21 14:45:00",236582,12.65,0.472,11.17,1,0.722,0.25
"2021-09-21 15:00:00",236583,12.66,0.472,11.3,1,0.721,0.25
"2021-09-21 15:15:00",236584,12.66,0.474,11.42,1,0.724,0.25
"2021-09-21 15:30:00",236585,12.67,0.474,11.5,1,0.723,0.25
"2021-09-21 15:45:00",236586,12.67,0.474,11.58,1,0.724,0.25
"2021-09-21 16:00:00",236587,12.67,0.475,11.67,1,0.725,0.25
"2021-09-21 16:15:00",236588,12.67,0.476,11.75,1,0.726,0.25
"2021-09-21 16:30:00",236589,12.67,0.476,11.86,1,0.726,0.25
"2021-09-21 16:45:00",236590,12.67,0.476,11.95,1,0.726,0.25
"2021-09-21 17:00:00",236591,12.67,0.478,12.05,1,0.727,0.25
"2021-09-21 17:15:00",236592,12.67,0.477,12.14,1,0.727,0.25
"2021-09-21 17:30:00",236593,12.67,0.477,12.19,1,0.727,0.25
"2021-09-21 17:45:00",236594,12.67,0.479,12.26,1,0.728,0.25
"2021-09-21 18:00:00",236595,12.67,0.479,12.32,1,0.728,0.25
"2021-09-21 18:15:00",236596,12.67,0.481,12.35,1,0.73,0.25
"2021-09-21 18:30:00",236597,12.67,0.48,12.36,1,0.73,0.25
"2021-09-21 18:45:00",236598,12.66,0.48,12.37,1,0.73,0.25
"2021-09-21 19:00:00",236599,12.66,0.481,12.39,1,0.731,0.25
"2021-09-21 19:15:00",236600,12.66,0.48,12.41,1,0.73,0.25
"2021-09-21 19:30:00",236601,12.66,0.481,12.4,1,0.731,0.25
"2021-09-21 19:45:00",236602,12.66,0.481,12.38,1,0.731,0.25
"2021-09-21 20:00:00",236603,12.65,0.48,12.34,1,0.73,0.25
"2021-09-21 20:15:00",236604,12.65,0.479,12.29,1,0.728,0.25
"2021-09-21 20:30:00",236605,12.65,0.477,12.22,1,0.726,0.25
"2021-09-21 20:45:00",236606,12.65,0.476,12.16,1,0.725,0.25
"2021-09-21 21:00:00",236607,12.64,0.475,12.07,1,0.724,0.25
"2021-09-21 21:15:00",236608,12.64,0.475,11.99,1,0.724,0.25
"2021-09-21 21:30:00",236609,12.64,0.475,11.91,1,0.724,0.25
"2021-09-21 21:45:00",236610,12.64,0.475,11.84,1,0.725,0.25
"2021-09-21 22:00:00",236611,12.63,0.475,11.75,1,0.724,0.25
"2021-09-21 22:15:00",236612,12.63,0.475,11.65,1,0.725,0.25
"2021-09-21 22:30:00",236613,12.63,0.475,11.54,1,0.725,0.25
"2021-09-21 22:45:00",236614,12.62,0.475,11.43,1,0.725,0.25
"2021-09-21 23:00:00",236615,12.62,0.476,11.31,1,0.725,0.25
"2021-09-21 23:15:00",236616,12.62,0.476,11.18,1,0.726,0.25
"2021-09-21 23:30:00",236617,12.62,0.479,11.06,1,0.728,0.25
"2021-09-21 23:45:00",236618,12.61,0.481,10.94,1,0.731,0.25
"2021-09-22 00:00:00",236619,12.61,0.482,10.82,1,0.732,0.25
"2021-09-22 00:15:00",236620,12.61,0.482,10.7,1,0.732,0.25
"2021-09-22 00:30:00",236621,12.61,0.482,10.59,1,0.732,0.25
"2021-09-22 00:45:00",236622,12.6,0.482,10.47,1,0.732,0.25
"2021-09-22 01:00:00",236623,12.61,0.482,10.35,1,0.732,0.25
"2021-09-22 01:15:00",236624,12.61,0.481,10.22,1,0.731,0.25
"2021-09-22 01:30:00",236625,12.6,0.481,10.1,1,0.731,0.25
"2021-09-22 01:45:00",236626,12.6,0.481,9.98,1,0.731,0.25
"2021-09-22 02:00:00",236627,12.6,0.481,9.87,1,0.731,0.25
"2021-09-22 02:15:00",236628,12.6,0.481,9.76,1,0.73,0.25
"2021-09-22 02:30:00",236629,12.6,0.481,9.63,1,0.73,0.25
"2021-09-22 02:45:00",236630,12.59,0.48,9.53,1,0.73,0.25
"2021-09-22 03:00:00",236631,12.59,0.48,9.41,1,0.729,0.25
"2021-09-22 03:15:00",236632,12.59,0.479,9.3,1,0.729,0.25
"2021-09-22 03:30:00",236633,12.59,0.479,9.17,1,0.728,0.25
"2021-09-22 03:45:00",236634,12.59,0.478,9.06,1,0.728,0.25
"2021-09-22 04:00:00",236635,12.59,0.478,8.95,1,0.728,0.25
"2021-09-22 04:15:00",236636,12.58,0.478,8.84,1,0.728,0.25
"2021-09-22 04:30:00",236637,12.58,0.478,8.72,1,0.728,0.25
"2021-09-22 04:45:00",236638,12.58,0.477,8.62,1,0.727,0.25
"2021-09-22 05:00:00",236639,12.58,0.477,8.53,1,0.726,0.25
"2021-09-22 05:15:00",236640,12.58,0.477,8.42,1,0.726,0.25
"2021-09-22 05:30:00",236641,12.58,0.476,8.31,1,0.725,0.25
"2021-09-22 05:45:00",236642,12.58,0.475,8.21,1,0.725,0.25
"2021-09-22 06:00:00",236643,12.57,0.475,8.1,1,0.725,0.25
"2021-09-22 06:15:00",236644,12.57,0.475,8.01,1,0.725,0.25
"2021-09-22 06:30:00",236645,12.57,0.474,7.922,1,0.724,0.25
"2021-09-22 06:45:00",236646,12.57,0.475,7.83,1,0.724,0.25
"2021-09-22 07:00:00",236647,12.57,0.474,7.745,1,0.724,0.25
"2021-09-22 07:15:00",236648,12.56,0.474,7.661,1,0.724,0.25
"2021-09-22 07:30:00",236649,12.56,0.473,7.576,1,0.723,0.25
"2021-09-22 07:45:00",236650,12.56,0.473,7.506,1,0.722,0.25
"2021-09-22 08:00:00",236651,12.56,0.473,7.436,1,0.722,0.25
"2021-09-22 08:15:00",236652,12.56,0.472,7.38,1,0.722,0.25
"2021-09-22 08:30:00",236653,12.56,0.472,7.327,1,0.722,0.25
"2021-09-22 08:45:00",236654,12.56,0.472,7.304,1,0.721,0.25
"2021-09-22 09:00:00",236655,12.56,0.472,7.311,1,0.722,0.25
"2021-09-22 09:15:00",236656,12.56,0.47,7.405,1,0.72,0.25
"2021-09-22 09:30:00",236657,12.57,0.469,7.581,1,0.719,0.25
"2021-09-22 09:45:00",236658,12.57,0.468,7.787,1,0.717,0.25
"2021-09-22 10:00:00",236659,12.58,0.466,7.962,1,0.716,0.25
"2021-09-22 10:15:00",236660,12.58,0.464,8.04,1,0.713,0.25
"2021-09-22 10:30:00",236661,12.58,0.463,8.05,1,0.713,0.25
"2021-09-22 10:45:00",236662,12.59,0.463,8.15,1,0.713,0.25
"2021-09-22 11:00:00",236663,12.59,0.463,8.19,1,0.713,0.25
"2021-09-22 11:15:00",236664,12.6,0.463,8.32,1,0.713,0.25
"2021-09-22 11:30:00",236665,12.6,0.466,8.52,1,0.715,0.25
"2021-09-22 11:45:00",236666,12.61,0.469,8.62,1,0.718,0.25
"2021-09-22 12:00:00",236667,12.62,0.471,8.63,1,0.721,0.25
"2021-09-22 12:15:00",236668,12.62,0.472,9.06,1,0.721,0.25
"2021-09-22 12:30:00",236669,12.63,0.471,9.42,1,0.721,0.25
"2021-09-22 12:45:00",236670,12.63,0.474,9.66,1,0.724,0.25
"2021-09-22 13:00:00",236671,12.63,0.472,9.82,1,0.722,0.25
"2021-09-22 13:15:00",236672,12.64,0.475,10.06,1,0.724,0.25
"2021-09-22 13:30:00",236673,12.64,0.475,10.28,1,0.725,0.25
"2021-09-22 13:45:00",236674,12.64,0.473,10.47,1,0.722,0.25
"2021-09-22 14:00:00",236675,12.65,0.475,10.62,1,0.725,0.25
"2021-09-22 14:15:00",236676,12.65,0.475,10.84,1,0.725,0.25
"2021-09-22 14:30:00",236677,12.65,0.479,10.93,1,0.729,0.25
"2021-09-22 14:45:00",236678,12.65,0.476,10.97,1,0.726,0.25
"2021-09-22 15:00:00",236679,12.65,0.479,11.02,1,0.729,0.25
"2021-09-22 15:15:00",236680,12.66,0.478,11.11,1,0.728,0.25
"2021-09-22 15:30:00",236681,12.66,0.48,11.33,1,0.73,0.25
"2021-09-22 15:45:00",236682,12.66,0.479,11.49,1,0.728,0.25
"2021-09-22 16:00:00",236683,12.66,0.481,11.61,1,0.73,0.25
"2021-09-22 16:15:00",236684,12.66,0.481,11.73,1,0.731,0.25
"2021-09-22 16:30:00",236685,12.67,0.48,11.82,1,0.73,0.25
"2021-09-22 16:45:00",236686,12.67,0.481,11.9,1,0.73,0.25
"2021-09-22 17:00:00",236687,12.67,0.481,11.98,1,0.731,0.25
"2021-09-22 17:15:00",236688,12.67,0.481,12.06,1,0.731,0.25
"2021-09-22 17:30:00",236689,12.66,0.477,12.13,1,0.726,0.25
"2021-09-22 17:45:00",236690,12.66,0.476,12.17,1,0.726,0.25
"2021-09-22 18:00:00",236691,12.66,0.475,12.18,1,0.725,0.25
"2021-09-22 18:15:00",236692,12.66,0.476,12.21,1,0.726,0.25
"2021-09-22 18:30:00",236693,12.66,0.476,12.24,1,0.725,0.25
"2021-09-22 18:45:00",236694,12.66,0.476,12.28,1,0.726,0.25
"2021-09-22 19:00:00",236695,12.66,0.477,12.3,1,0.726,0.25
"2021-09-22 19:15:00",236696,12.66,0.476,12.29,1,0.726,0.25
"2021-09-22 19:30:00",236697,12.65,0.476,12.28,1,0.726,0.25
"2021-09-22 19:45:00",236698,12.65,0.478,12.24,1,0.728,0.25
"2021-09-22 20:00:00",236699,12.65,0.48,12.2,1,0.73,0.25
"2021-09-22 20:15:00",236700,12.65,0.483,12.18,1,0.732,0.25
"2021-09-22 20:30:00",236701,12.65,0.484,12.13,1,0.733,0.25
"2021-09-22 20:45:00",236702,12.64,0.485,12.07,1,0.734,0.25
"2021-09-22 21:00:00",236703,12.64,0.485,12,1,0.735,0.25
"2021-09-22 21:15:00",236704,12.64,0.485,11.92,1,0.735,0.25
"2021-09-22 21:30:00",236705,12.64,0.485,11.83,1,0.735,0.25
"2021-09-22 21:45:00",236706,12.63,0.485,11.74,1,0.735,0.25
"2021-09-22 22:00:00",236707,12.63,0.486,11.65,1,0.735,0.25
"2021-09-22 22:15:00",236708,12.63,0.486,11.55,1,0.736,0.25
"2021-09-22 22:30:00",236709,12.63,0.486,11.45,1,0.736,0.25
"2021-09-22 22:45:00",236710,12.62,0.486,11.33,1,0.736,0.25
"2021-09-22 23:00:00",236711,12.62,0.486,11.2,1,0.735,0.25
"2021-09-22 23:15:00",236712,12.62,0.485,11.07,1,0.735,0.25
"2021-09-22 23:30:00",236713,12.62,0.486,10.96,1,0.735,0.25
"2021-09-22 23:45:00",236714,12.61,0.486,10.84,1,0.735,0.25
"2021-09-23 00:00:00",236715,12.61,0.485,10.7,1,0.735,0.25
"2021-09-23 00:15:00",236716,12.61,0.485,10.55,1,0.735,0.25
"2021-09-23 00:30:00",236717,12.61,0.485,10.45,1,0.735,0.25
"2021-09-23 00:45:00",236718,12.61,0.485,10.34,1,0.734,0.25
"2021-09-23 01:00:00",236719,12.61,0.484,10.22,1,0.734,0.25
"2021-09-23 01:15:00",236720,12.6,0.484,10.1,1,0.734,0.25
"2021-09-23 01:30:00",236721,12.6,0.484,9.98,1,0.734,0.25
"2021-09-23 01:45:00",236722,12.6,0.483,9.86,1,0.733,0.25
"2021-09-23 02:00:00",236723,12.6,0.483,9.73,1,0.733,0.25
"2021-09-23 02:15:00",236724,12.6,0.483,9.61,1,0.733,0.25
"2021-09-23 02:30:00",236725,12.59,0.483,9.5,1,0.732,0.25
"2021-09-23 02:45:00",236726,12.59,0.482,9.38,1,0.731,0.25
"2021-09-23 03:00:00",236727,12.59,0.482,9.24,1,0.731,0.25
"2021-09-23 03:15:00",236728,12.59,0.482,9.12,1,0.731,0.25
"2021-09-23 03:30:00",236729,12.58,0.481,9,1,0.731,0.25
"2021-09-23 03:45:00",236730,12.58,0.481,8.88,1,0.73,0.25
"2021-09-23 04:00:00",236731,12.58,0.48,8.75,1,0.73,0.25
"2021-09-23 04:15:00",236732,12.58,0.48,8.62,1,0.73,0.25
"2021-09-23 04:30:00",236733,12.58,0.479,8.5,1,0.729,0.25
"2021-09-23 04:45:00",236734,12.58,0.48,8.37,1,0.729,0.25
"2021-09-23 05:00:00",236735,12.57,0.479,8.25,1,0.728,0.25
"2021-09-23 05:15:00",236736,12.57,0.479,8.13,1,0.729,0.25
"2021-09-23 05:30:00",236737,12.57,0.478,8,1,0.728,0.25
"2021-09-23 05:45:00",236738,12.57,0.478,7.89,1,0.728,0.25
"2021-09-23 06:00:00",236739,12.57,0.478,7.781,1,0.727,0.25
"2021-09-23 06:15:00",236740,12.56,0.478,7.682,1,0.727,0.25
"2021-09-23 06:30:00",236741,12.56,0.477,7.592,1,0.726,0.25
"2021-09-23 06:45:00",236742,12.56,0.477,7.479,1,0.727,0.25
"2021-09-23 07:00:00",236743,12.56,0.477,7.373,1,0.726,0.25
"2021-09-23 07:15:00",236744,12.56,0.476,7.278,1,0.725,0.25
"2021-09-23 07:30:00",236745,12.56,0.476,7.194,1,0.725,0.25
"2021-09-23 07:45:00",236746,12.55,0.475,7.103,1,0.725,0.25
"2021-09-23 08:00:00",236747,12.56,0.475,7.011,1,0.725,0.25
"2021-09-23 08:15:00",236748,12.55,0.475,6.937,1,0.725,0.25
"2021-09-23 08:30:00",236749,12.56,0.475,6.879,1,0.724,0.25
"2021-09-23 08:45:00",236750,12.56,0.474,6.832,1,0.724,0.25
"2021-09-23 09:00:00",236751,12.55,0.474,6.844,1,0.723,0.25
"2021-09-23 09:15:00",236752,12.56,0.472,6.937,1,0.721,0.25
"2021-09-23 09:30:00",236753,12.56,0.47,7.132,1,0.72,0.25
"2021-09-23 09:45:00",236754,12.57,0.469,7.354,1,0.718,0.25
"2021-09-23 10:00:00",236755,12.57,0.467,7.529,1,0.717,0.25
"2021-09-23 10:15:00",236756,12.58,0.468,7.591,1,0.717,0.25
"2021-09-23 10:30:00",236757,12.58,0.467,7.559,1,0.717,0.25
"2021-09-23 10:45:00",236758,12.58,0.467,7.53,1,0.716,0.25
"2021-09-23 11:00:00",236759,12.59,0.467,7.579,1,0.717,0.25
"2021-09-23 11:15:00",236760,12.59,0.466,7.661,1,0.716,0.25
"2021-09-23 11:30:00",236761,12.59,0.468,7.783,1,0.717,0.25
"2021-09-23 11:45:00",236762,12.6,0.471,8.04,1,0.72,0.25
"2021-09-23 12:00:00",236763,12.61,0.472,8.36,1,0.722,0.25
"2021-09-23 12:15:00",236764,12.62,0.475,8.5,1,0.724,0.25
"2021-09-23 12:30:00",236765,12.62,0.475,8.7,1,0.724,0.25
"2021-09-23 12:45:00",236766,12.63,0.476,9.01,1,0.725,0.25
"2021-09-23 13:00:00",236767,12.63,0.477,9.31,1,0.727,0.25
"2021-09-23 13:15:00",236768,12.64,0.476,9.54,1,0.726,0.25
"2021-09-23 13:30:00",236769,12.64,0.477,9.85,1,0.727,0.25
"2021-09-23 13:45:00",236770,12.64,0.478,10.1,1,0.727,0.25
"2021-09-23 14:00:00",236771,12.65,0.478,10.3,1,0.728,0.25
"2021-09-23 14:15:00",236772,12.65,0.479,10.56,1,0.728,0.25
"2021-09-23 14:30:00",236773,12.65,0.48,10.7,1,0.729,0.25
"2021-09-23 14:45:00",236774,12.65,0.479,10.77,1,0.729,0.25
"2021-09-23 15:00:00",236775,12.66,0.481,10.87,1,0.73,0.25
"2021-09-23 15:15:00",236776,12.66,0.48,10.95,1,0.73,0.25
"2021-09-23 15:30:00",236777,12.67,0.482,11.03,1,0.732,0.25
"2021-09-23 15:45:00",236778,12.67,0.481,11.11,1,0.731,0.25
"2021-09-23 16:00:00",236779,12.67,0.478,11.21,1,0.727,0.25
"2021-09-23 16:15:00",236780,12.67,0.477,11.32,1,0.726,0.25
"2021-09-23 16:30:00",236781,12.67,0.476,11.42,1,0.725,0.25
"2021-09-23 16:45:00",236782,12.67,0.475,11.49,1,0.724,0.25
"2021-09-23 17:00:00",236783,12.67,0.476,11.57,1,0.726,0.25
"2021-09-23 17:15:00",236784,12.67,0.479,11.65,1,0.729,0.25
"2021-09-23 17:30:00",236785,12.67,0.481,11.72,1,0.731,0.25
"2021-09-23 17:45:00",236786,12.67,0.482,11.79,1,0.732,0.25
"2021-09-23 18:00:00",236787,12.67,0.483,11.84,1,0.732,0.25
"2021-09-23 18:15:00",236788,12.67,0.483,11.91,1,0.732,0.25
"2021-09-23 18:30:00",236789,12.67,0.484,11.96,1,0.733,0.25
"2021-09-23 18:45:00",236790,12.67,0.483,12,1,0.733,0.25
"2021-09-23 19:00:00",236791,12.66,0.483,12.02,1,0.733,0.25
"2021-09-23 19:15:00",236792,12.66,0.484,12.02,1,0.733,0.25
"2021-09-23 19:30:00",236793,12.66,0.483,12.02,1,0.733,0.25
"2021-09-23 19:45:00",236794,12.66,0.484,12,1,0.734,0.25
"2021-09-23 20:00:00",236795,12.66,0.484,11.96,1,0.733,0.25
"2021-09-23 20:15:00",236796,12.65,0.484,11.92,1,0.734,0.25
"2021-09-23 20:30:00",236797,12.65,0.484,11.87,1,0.733,0.25
"2021-09-23 20:45:00",236798,12.65,0.484,11.81,1,0.734,0.25
"2021-09-23 21:00:00",236799,12.64,0.484,11.74,1,0.734,0.25
"2021-09-23 21:15:00",236800,12.64,0.484,11.67,1,0.734,0.25
"2021-09-23 21:30:00",236801,12.64,0.484,11.59,1,0.734,0.25
"2021-09-23 21:45:00",236802,12.64,0.485,11.5,1,0.735,0.25
"2021-09-23 22:00:00",236803,12.64,0.485,11.4,1,0.734,0.25
"2021-09-23 22:15:00",236804,12.63,0.484,11.29,1,0.734,0.25
"2021-09-23 22:30:00",236805,12.63,0.484,11.19,1,0.734,0.25
"2021-09-23 22:45:00",236806,12.63,0.484,11.07,1,0.734,0.25
"2021-09-23 23:00:00",236807,12.63,0.484,10.96,1,0.734,0.25
"2021-09-23 23:15:00",236808,12.62,0.484,10.84,1,0.734,0.25
"2021-09-23 23:30:00",236809,12.62,0.484,10.72,1,0.734,0.25
"2021-09-23 23:45:00",236810,12.62,0.484,10.61,1,0.734,0.25
"2021-09-24 00:00:00",236811,12.62,0.484,10.51,1,0.734,0.25
"2021-09-24 00:15:00",236812,12.62,0.484,10.4,1,0.733,0.25
"2021-09-24 00:30:00",236813,12.61,0.484,10.29,1,0.733,0.25
"2021-09-24 00:45:00",236814,12.61,0.483,10.19,1,0.733,0.25
"2021-09-24 01:00:00",236815,12.61,0.483,10.08,1,0.733,0.25
"2021-09-24 01:15:00",236816,12.61,0.483,9.97,1,0.733,0.25
"2021-09-24 01:30:00",236817,12.61,0.483,9.85,1,0.733,0.25
"2021-09-24 01:45:00",236818,12.61,0.483,9.74,1,0.732,0.25
"2021-09-24 02:00:00",236819,12.61,0.483,9.62,1,0.732,0.25
"2021-09-24 02:15:00",236820,12.6,0.483,9.52,1,0.732,0.25
"2021-09-24 02:30:00",236821,12.6,0.482,9.41,1,0.731,0.25
"2021-09-24 02:45:00",236822,12.6,0.482,9.3,1,0.732,0.25
"2021-09-24 03:00:00",236823,12.6,0.481,9.19,1,0.731,0.25
"2021-09-24 03:15:00",236824,12.6,0.481,9.09,1,0.731,0.25
"2021-09-24 03:30:00",236825,12.6,0.481,8.98,1,0.73,0.25
"2021-09-24 03:45:00",236826,12.6,0.481,8.85,1,0.73,0.25
"2021-09-24 04:00:00",236827,12.6,0.48,8.76,1,0.729,0.25
"2021-09-24 04:15:00",236828,12.6,0.48,8.65,1,0.73,0.25
"2021-09-24 04:30:00",236829,12.6,0.48,8.56,1,0.73,0.25
"2021-09-24 04:45:00",236830,12.59,0.479,8.46,1,0.729,0.25
"2021-09-24 05:00:00",236831,12.59,0.48,8.37,1,0.729,0.25
"2021-09-24 05:15:00",236832,12.59,0.48,8.27,1,0.729,0.25
"2021-09-24 05:30:00",236833,12.59,0.479,8.18,1,0.728,0.25
"2021-09-24 05:45:00",236834,12.59,0.478,8.08,1,0.728,0.25
"2021-09-24 06:00:00",236835,12.59,0.478,7.996,1,0.728,0.25
"2021-09-24 06:15:00",236836,12.58,0.478,7.907,1,0.727,0.25
"2021-09-24 06:30:00",236837,12.58,0.477,7.821,1,0.726,0.25
"2021-09-24 06:45:00",236838,12.58,0.477,7.734,1,0.726,0.25
"2021-09-24 07:00:00",236839,12.58,0.476,7.641,1,0.726,0.25
"2021-09-24 07:15:00",236840,12.58,0.476,7.574,1,0.726,0.25
"2021-09-24 07:30:00",236841,12.58,0.476,7.499,1,0.725,0.25
"2021-09-24 07:45:00",236842,12.57,0.475,7.432,1,0.725,0.25
"2021-09-24 08:00:00",236843,12.57,0.475,7.368,1,0.724,0.25
"2021-09-24 08:15:00",236844,12.57,0.475,7.308,1,0.725,0.25
"2021-09-24 08:30:00",236845,12.57,0.474,7.268,1,0.724,0.25
"2021-09-24 08:45:00",236846,12.57,0.474,7.244,1,0.724,0.25
"2021-09-24 09:00:00",236847,12.58,0.475,7.264,1,0.725,0.25
"2021-09-24 09:15:00",236848,12.58,0.474,7.347,1,0.724,0.25
"2021-09-24 09:30:00",236849,12.58,0.474,7.514,1,0.724,0.25
"2021-09-24 09:45:00",236850,12.58,0.473,7.68,1,0.722,0.25
"2021-09-24 10:00:00",236851,12.59,0.472,7.785,1,0.722,0.25
"2021-09-24 10:15:00",236852,12.59,0.47,7.809,1,0.72,0.25
"2021-09-24 10:30:00",236853,12.59,0.467,7.797,1,0.716,0.25
"2021-09-24 10:45:00",236854,12.59,0.468,7.871,1,0.718,0.25
"2021-09-24 11:00:00",236855,12.6,0.465,7.998,1,0.715,0.25
"2021-09-24 11:15:00",236856,12.6,0.464,8.08,1,0.714,0.25
"2021-09-24 11:30:00",236857,12.61,0.463,8.26,1,0.713,0.25
"2021-09-24 11:45:00",236858,12.62,0.464,8.47,1,0.713,0.25
"2021-09-24 12:00:00",236859,12.62,0.464,8.8,1,0.713,0.25
"2021-09-24 12:15:00",236860,12.63,0.464,8.93,1,0.714,0.25
"2021-09-24 12:30:00",236861,12.63,0.465,9.21,1,0.714,0.25
"2021-09-24 12:45:00",236862,12.63,0.465,9.46,1,0.715,0.25
"2021-09-24 13:00:00",236863,12.64,0.465,9.69,1,0.714,0.25
"2021-09-24 13:15:00",236864,12.64,0.467,9.96,1,0.717,0.25
"2021-09-24 13:30:00",236865,12.65,0.47,10.19,1,0.72,0.25
"2021-09-24 13:45:00",236866,12.65,0.473,10.41,1,0.722,0.25
"2021-09-24 14:00:00",236867,12.65,0.474,10.63,1,0.723,0.25
"2021-09-24 14:15:00",236868,12.65,0.475,10.84,1,0.725,0.25
"2021-09-24 14:30:00",236869,12.66,0.478,10.99,1,0.727,0.25
"2021-09-24 14:45:00",236870,12.66,0.477,11.07,1,0.727,0.25
"2021-09-24 15:00:00",236871,12.66,0.477,11.16,1,0.727,0.25
"2021-09-24 15:15:00",236872,12.67,0.477,11.24,1,0.727,0.25
"2021-09-24 15:30:00",236873,12.67,0.478,11.32,1,0.728,0.25
"2021-09-24 15:45:00",236874,12.67,0.477,11.38,1,0.727,0.25
"2021-09-24 16:00:00",236875,12.67,0.477,11.45,1,0.727,0.25
"2021-09-24 16:15:00",236876,12.67,0.479,11.54,1,0.729,0.25
"2021-09-24 16:30:00",236877,12.67,0.48,11.63,1,0.729,0.25
"2021-09-24 16:45:00",236878,12.67,0.48,11.73,1,0.73,0.25
"2021-09-24 17:00:00",236879,12.67,0.479,11.82,1,0.729,0.25
"2021-09-24 17:15:00",236880,12.67,0.481,11.9,1,0.73,0.25
"2021-09-24 17:30:00",236881,12.67,0.481,11.99,1,0.731,0.25
"2021-09-24 17:45:00",236882,12.67,0.481,12.05,1,0.73,0.25
"2021-09-24 18:00:00",236883,12.67,0.48,12.1,1,0.73,0.25
"2021-09-24 18:15:00",236884,12.67,0.481,12.13,1,0.731,0.25
"2021-09-24 18:30:00",236885,12.67,0.482,12.16,1,0.731,0.25
"2021-09-24 18:45:00",236886,12.67,0.482,12.19,1,0.732,0.25
"2021-09-24 19:00:00",236887,12.66,0.483,12.22,1,0.733,0.25
"2021-09-24 19:15:00",236888,12.66,0.482,12.24,1,0.732,0.25
"2021-09-24 19:30:00",236889,12.66,0.483,12.22,1,0.733,0.25
"2021-09-24 19:45:00",236890,12.66,0.483,12.21,1,0.732,0.25
"2021-09-24 20:00:00",236891,12.66,0.483,12.17,1,0.732,0.25
"2021-09-24 20:15:00",236892,12.66,0.483,12.12,1,0.732,0.25
"2021-09-24 20:30:00",236893,12.65,0.483,12.07,1,0.733,0.25
"2021-09-24 20:45:00",236894,12.65,0.483,12,1,0.733,0.25
"2021-09-24 21:00:00",236895,12.65,0.484,11.93,1,0.733,0.25
"2021-09-24 21:15:00",236896,12.64,0.483,11.86,1,0.733,0.25
"2021-09-24 21:30:00",236897,12.64,0.484,11.78,1,0.733,0.25
"2021-09-24 21:45:00",236898,12.64,0.483,11.7,1,0.732,0.25
"2021-09-24 22:00:00",236899,12.64,0.483,11.6,1,0.733,0.25
"2021-09-24 22:15:00",236900,12.64,0.483,11.5,1,0.733,0.25
"2021-09-24 22:30:00",236901,12.63,0.483,11.39,1,0.733,0.25
"2021-09-24 22:45:00",236902,12.63,0.483,11.28,1,0.732,0.25
"2021-09-24 23:00:00",236903,12.63,0.483,11.16,1,0.733,0.25
"2021-09-24 23:15:00",236904,12.62,0.483,11.04,1,0.733,0.25
"2021-09-24 23:30:00",236905,12.62,0.483,10.92,1,0.732,0.25
"2021-09-24 23:45:00",236906,12.62,0.483,10.81,1,0.733,0.25
"2021-09-25 00:00:00",236907,12.62,0.483,10.69,1,0.733,0.25
"2021-09-25 00:15:00",236908,12.62,0.483,10.57,1,0.732,0.25
"2021-09-25 00:30:00",236909,12.61,0.482,10.45,1,0.732,0.25
"2021-09-25 00:45:00",236910,12.61,0.482,10.34,1,0.732,0.25
"2021-09-25 01:00:00",236911,12.61,0.482,10.23,1,0.732,0.25
"2021-09-25 01:15:00",236912,12.6,0.482,10.11,1,0.732,0.25
"2021-09-25 01:30:00",236913,12.6,0.482,10,1,0.731,0.25
"2021-09-25 01:45:00",236914,12.6,0.481,9.88,1,0.731,0.25
"2021-09-25 02:00:00",236915,12.6,0.481,9.77,1,0.731,0.25
"2021-09-25 02:15:00",236916,12.6,0.481,9.66,1,0.73,0.25
"2021-09-25 02:30:00",236917,12.6,0.48,9.55,1,0.729,0.25
"2021-09-25 02:45:00",236918,12.6,0.48,9.44,1,0.729,0.25
"2021-09-25 03:00:00",236919,12.6,0.479,9.33,1,0.729,0.25
"2021-09-25 03:15:00",236920,12.6,0.479,9.24,1,0.728,0.25
"2021-09-25 03:30:00",236921,12.59,0.478,9.14,1,0.728,0.25
"2021-09-25 03:45:00",236922,12.59,0.478,9.02,1,0.727,0.25
"2021-09-25 04:00:00",236923,12.59,0.478,8.91,1,0.728,0.25
"2021-09-25 04:15:00",236924,12.59,0.478,8.82,1,0.728,0.25
"2021-09-25 04:30:00",236925,12.59,0.477,8.72,1,0.727,0.25
"2021-09-25 04:45:00",236926,12.59,0.477,8.62,1,0.726,0.25
"2021-09-25 05:00:00",236927,12.58,0.476,8.52,1,0.726,0.25
"2021-09-25 05:15:00",236928,12.58,0.476,8.42,1,0.726,0.25
"2021-09-25 05:30:00",236929,12.58,0.476,8.33,1,0.726,0.25
"2021-09-25 05:45:00",236930,12.58,0.476,8.24,1,0.725,0.25
"2021-09-25 06:00:00",236931,12.58,0.475,8.15,1,0.725,0.25
"2021-09-25 06:15:00",236932,12.57,0.475,8.05,1,0.725,0.25
"2021-09-25 06:30:00",236933,12.58,0.475,7.956,1,0.725,0.25
"2021-09-25 06:45:00",236934,12.58,0.474,7.863,1,0.724,0.25
"2021-09-25 07:00:00",236935,12.58,0.473,7.785,1,0.723,0.25
"2021-09-25 07:15:00",236936,12.57,0.471,7.71,1,0.721,0.25
"2021-09-25 07:30:00",236937,12.57,0.468,7.634,1,0.718,0.25
"2021-09-25 07:45:00",236938,12.57,0.467,7.561,1,0.717,0.25
"2021-09-25 08:00:00",236939,12.57,0.465,7.5,1,0.715,0.25
"2021-09-25 08:15:00",236940,12.57,0.464,7.463,1,0.714,0.25
"2021-09-25 08:30:00",236941,12.56,0.464,7.432,1,0.713,0.25
"2021-09-25 08:45:00",236942,12.57,0.464,7.413,1,0.714,0.25
"2021-09-25 09:00:00",236943,12.57,0.464,7.45,1,0.714,0.25
"2021-09-25 09:15:00",236944,12.57,0.464,7.532,1,0.713,0.25
"2021-09-25 09:30:00",236945,12.58,0.464,7.684,1,0.714,0.25
"2021-09-25 09:45:00",236946,12.58,0.463,7.852,1,0.713,0.25
"2021-09-25 10:00:00",236947,12.58,0.464,7.955,1,0.714,0.25
"2021-09-25 10:15:00",236948,12.59,0.465,8.01,1,0.715,0.25
"2021-09-25 10:30:00",236949,12.59,0.466,7.984,1,0.715,0.25
"2021-09-25 10:45:00",236950,12.59,0.469,8.01,1,0.719,0.25
"2021-09-25 11:00:00",236951,12.59,0.47,8.12,1,0.719,0.25
"2021-09-25 11:15:00",236952,12.6,0.471,8.23,1,0.72,0.25
"2021-09-25 11:30:00",236953,12.6,0.471,8.31,1,0.72,0.25
"2021-09-25 11:45:00",236954,12.61,0.471,8.46,1,0.72,0.25
"2021-09-25 12:00:00",236955,12.62,0.47,8.71,1,0.72,0.25
"2021-09-25 12:15:00",236956,12.62,0.469,8.96,1,0.719,0.25
"2021-09-25 12:30:00",236957,12.63,0.471,9.26,1,0.72,0.25
"2021-09-25 12:45:00",236958,12.63,0.47,9.51,1,0.719,0.25
"2021-09-25 13:00:00",236959,12.63,0.472,9.66,1,0.721,0.25
"2021-09-25 13:15:00",236960,12.64,0.472,9.9,1,0.721,0.25
"2021-09-25 13:30:00",236961,12.64,0.471,10.16,1,0.721,0.25
"2021-09-25 13:45:00",236962,12.64,0.473,10.41,1,0.722,0.25
"2021-09-25 14:00:00",236963,12.64,0.473,10.6,1,0.722,0.25
"2021-09-25 14:15:00",236964,12.65,0.475,10.8,1,0.724,0.25
"2021-09-25 14:30:00",236965,12.65,0.475,10.96,1,0.725,0.25
"2021-09-25 14:45:00",236966,12.65,0.474,11.12,1,0.724,0.25
"2021-09-25 15:00:00",236967,12.65,0.475,11.19,1,0.725,0.25
"2021-09-25 15:15:00",236968,12.65,0.478,11.25,1,0.728,0.25
"2021-09-25 15:30:00",236969,12.66,0.477,11.28,1,0.727,0.25
"2021-09-25 15:45:00",236970,12.66,0.478,11.33,1,0.728,0.25
"2021-09-25 16:00:00",236971,12.66,0.478,11.4,1,0.728,0.25
"2021-09-25 16:15:00",236972,12.66,0.478,11.45,1,0.728,0.25
"2021-09-25 16:30:00",236973,12.66,0.478,11.53,1,0.728,0.25
"2021-09-25 16:45:00",236974,12.66,0.48,11.61,1,0.729,0.25
"2021-09-25 17:00:00",236975,12.67,0.481,11.68,1,0.731,0.25
"2021-09-25 17:15:00",236976,12.67,0.482,11.73,1,0.732,0.25
"2021-09-25 17:30:00",236977,12.66,0.48,11.8,1,0.729,0.25
"2021-09-25 17:45:00",236978,12.66,0.481,11.87,1,0.731,0.25
"2021-09-25 18:00:00",236979,12.65,0.482,11.91,1,0.731,0.25
"2021-09-25 18:15:00",236980,12.66,0.481,11.94,1,0.731,0.25
"2021-09-25 18:30:00",236981,12.66,0.481,11.97,1,0.731,0.25
"2021-09-25 18:45:00",236982,12.66,0.482,12,1,0.732,0.25
"2021-09-25 19:00:00",236983,12.66,0.482,12.02,1,0.732,0.25
"2021-09-25 19:15:00",236984,12.65,0.482,12.03,1,0.732,0.25
"2021-09-25 19:30:00",236985,12.65,0.483,12.02,1,0.732,0.25
"2021-09-25 19:45:00",236986,12.65,0.483,11.99,1,0.732,0.25
"2021-09-25 20:00:00",236987,12.65,0.483,11.94,1,0.733,0.25
"2021-09-25 20:15:00",236988,12.65,0.483,11.89,1,0.733,0.25
"2021-09-25 20:30:00",236989,12.64,0.483,11.84,1,0.733,0.25
"2021-09-25 20:45:00",236990,12.64,0.483,11.77,1,0.733,0.25
"2021-09-25 21:00:00",236991,12.64,0.484,11.7,1,0.733,0.25
"2021-09-25 21:15:00",236992,12.64,0.483,11.63,1,0.733,0.25
"2021-09-25 21:30:00",236993,12.64,0.484,11.56,1,0.733,0.25
"2021-09-25 21:45:00",236994,12.63,0.484,11.48,1,0.734,0.25
"2021-09-25 22:00:00",236995,12.63,0.484,11.39,1,0.733,0.25
"2021-09-25 22:15:00",236996,12.63,0.484,11.28,1,0.734,0.25
"2021-09-25 22:30:00",236997,12.62,0.484,11.18,1,0.734,0.25
"2021-09-25 22:45:00",236998,12.62,0.484,11.06,1,0.734,0.25
"2021-09-25 23:00:00",236999,12.62,0.484,10.95,1,0.734,0.25
"2021-09-25 23:15:00",237000,12.62,0.484,10.84,1,0.733,0.25
"2021-09-25 23:30:00",237001,12.61,0.484,10.72,1,0.733,0.25
"2021-09-25 23:45:00",237002,12.61,0.484,10.6,1,0.733,0.25
"2021-09-26 00:00:00",237003,12.61,0.484,10.49,1,0.734,0.25
"2021-09-26 00:15:00",237004,12.61,0.483,10.38,1,0.733,0.25
"2021-09-26 00:30:00",237005,12.6,0.483,10.26,1,0.732,0.25
"2021-09-26 00:45:00",237006,12.61,0.483,10.15,1,0.732,0.25
"2021-09-26 01:00:00",237007,12.6,0.483,10.05,1,0.733,0.25
"2021-09-26 01:15:00",237008,12.61,0.482,9.93,1,0.732,0.25
"2021-09-26 01:30:00",237009,12.6,0.482,9.82,1,0.732,0.25
"2021-09-26 01:45:00",237010,12.6,0.482,9.7,1,0.732,0.25
"2021-09-26 02:00:00",237011,12.6,0.482,9.6,1,0.731,0.25
"2021-09-26 02:15:00",237012,12.6,0.482,9.5,1,0.732,0.25
"2021-09-26 02:30:00",237013,12.6,0.481,9.39,1,0.73,0.25
"2021-09-26 02:45:00",237014,12.59,0.481,9.27,1,0.731,0.25
"2021-09-26 03:00:00",237015,12.59,0.48,9.16,1,0.73,0.25
"2021-09-26 03:15:00",237016,12.59,0.48,9.06,1,0.73,0.25
"2021-09-26 03:30:00",237017,12.59,0.48,8.95,1,0.73,0.25
"2021-09-26 03:45:00",237018,12.59,0.479,8.84,1,0.729,0.25
"2021-09-26 04:00:00",237019,12.59,0.48,8.76,1,0.729,0.25
"2021-09-26 04:15:00",237020,12.58,0.479,8.66,1,0.729,0.25
"2021-09-26 04:30:00",237021,12.58,0.479,8.55,1,0.728,0.25
"2021-09-26 04:45:00",237022,12.58,0.479,8.45,1,0.729,0.25
"2021-09-26 05:00:00",237023,12.58,0.478,8.35,1,0.727,0.25
"2021-09-26 05:15:00",237024,12.57,0.477,8.26,1,0.727,0.25
"2021-09-26 05:30:00",237025,12.58,0.478,8.16,1,0.727,0.25
"2021-09-26 05:45:00",237026,12.57,0.477,8.08,1,0.727,0.25
"2021-09-26 06:00:00",237027,12.57,0.476,7.982,1,0.726,0.25
"2021-09-26 06:15:00",237028,12.57,0.476,7.896,1,0.726,0.25
"2021-09-26 06:30:00",237029,12.57,0.476,7.818,1,0.726,0.25
"2021-09-26 06:45:00",237030,12.57,0.476,7.736,1,0.726,0.25
"2021-09-26 07:00:00",237031,12.57,0.476,7.655,1,0.726,0.25
"2021-09-26 07:15:00",237032,12.57,0.475,7.575,1,0.725,0.25
"2021-09-26 07:30:00",237033,12.57,0.475,7.5,1,0.725,0.25
"2021-09-26 07:45:00",237034,12.57,0.475,7.441,1,0.725,0.25
"2021-09-26 08:00:00",237035,12.57,0.475,7.388,1,0.725,0.25
"2021-09-26 08:15:00",237036,12.57,0.474,7.342,1,0.724,0.25
"2021-09-26 08:30:00",237037,12.57,0.475,7.3,1,0.724,0.25
"2021-09-26 08:45:00",237038,12.57,0.474,7.276,1,0.723,0.25
"2021-09-26 09:00:00",237039,12.56,0.473,7.287,1,0.723,0.25
"2021-09-26 09:15:00",237040,12.57,0.471,7.341,1,0.721,0.25
"2021-09-26 09:30:00",237041,12.57,0.469,7.478,1,0.719,0.25
"2021-09-26 09:45:00",237042,12.57,0.468,7.612,1,0.717,0.25
"2021-09-26 10:00:00",237043,12.58,0.467,7.687,1,0.716,0.25
"2021-09-26 10:15:00",237044,12.58,0.465,7.694,1,0.715,0.25
"2021-09-26 10:30:00",237045,12.58,0.465,7.706,1,0.715,0.25
"2021-09-26 10:45:00",237046,12.59,0.465,7.786,1,0.714,0.25
"2021-09-26 11:00:00",237047,12.58,0.464,7.876,1,0.714,0.25
"2021-09-26 11:15:00",237048,12.59,0.464,8.01,1,0.714,0.25
"2021-09-26 11:30:00",237049,12.59,0.465,8.14,1,0.715,0.25
"2021-09-26 11:45:00",237050,12.6,0.465,8.26,1,0.714,0.25
"2021-09-26 12:00:00",237051,12.6,0.465,8.54,1,0.714,0.25
"2021-09-26 12:15:00",237052,12.61,0.465,8.75,1,0.714,0.25
"2021-09-26 12:30:00",237053,12.61,0.467,9,1,0.717,0.25
"2021-09-26 12:45:00",237054,12.62,0.47,9.18,1,0.72,0.25
"2021-09-26 13:00:00",237055,12.62,0.472,9.44,1,0.722,0.25
"2021-09-26 13:15:00",237056,12.63,0.475,9.79,1,0.725,0.25
"2021-09-26 13:30:00",237057,12.63,0.477,10.01,1,0.726,0.25
"2021-09-26 13:45:00",237058,12.63,0.477,10.19,1,0.727,0.25
"2021-09-26 14:00:00",237059,12.64,0.478,10.4,1,0.728,0.25
"2021-09-26 14:15:00",237060,12.64,0.478,10.56,1,0.727,0.25
"2021-09-26 14:30:00",237061,12.64,0.479,10.66,1,0.729,0.25
"2021-09-26 14:45:00",237062,12.64,0.478,10.77,1,0.728,0.25
"2021-09-26 15:00:00",237063,12.64,0.48,10.83,1,0.729,0.25
"2021-09-26 15:15:00",237064,12.65,0.479,10.89,1,0.729,0.25
"2021-09-26 15:30:00",237065,12.65,0.482,10.98,1,0.731,0.25
"2021-09-26 15:45:00",237066,12.65,0.481,11.05,1,0.73,0.25
"2021-09-26 16:00:00",237067,12.65,0.481,11.1,1,0.731,0.25
"2021-09-26 16:15:00",237068,12.65,0.482,11.17,1,0.732,0.25
"2021-09-26 16:30:00",237069,12.65,0.482,11.27,1,0.732,0.25
"2021-09-26 16:45:00",237070,12.65,0.481,11.37,1,0.731,0.25
"2021-09-26 17:00:00",237071,12.66,0.482,11.47,1,0.732,0.25
"2021-09-26 17:15:00",237072,12.65,0.482,11.55,1,0.731,0.25
"2021-09-26 17:30:00",237073,12.65,0.482,11.62,1,0.732,0.25
"2021-09-26 17:45:00",237074,12.65,0.482,11.66,1,0.732,0.25
"2021-09-26 18:00:00",237075,12.65,0.484,11.7,1,0.733,0.25
"2021-09-26 18:15:00",237076,12.65,0.483,11.74,1,0.733,0.25
"2021-09-26 18:30:00",237077,12.65,0.483,11.75,1,0.733,0.25
"2021-09-26 18:45:00",237078,12.65,0.483,11.77,1,0.732,0.25
"2021-09-26 19:00:00",237079,12.65,0.484,11.77,1,0.734,0.25
"2021-09-26 19:15:00",237080,12.65,0.484,11.77,1,0.733,0.25
"2021-09-26 19:30:00",237081,12.64,0.485,11.75,1,0.734,0.25
"2021-09-26 19:45:00",237082,12.64,0.484,11.71,1,0.734,0.25
"2021-09-26 20:00:00",237083,12.64,0.484,11.65,1,0.733,0.25
"2021-09-26 20:15:00",237084,12.64,0.484,11.6,1,0.734,0.25
"2021-09-26 20:30:00",237085,12.64,0.485,11.54,1,0.734,0.25
"2021-09-26 20:45:00",237086,12.63,0.484,11.47,1,0.734,0.25
"2021-09-26 21:00:00",237087,12.63,0.485,11.38,1,0.735,0.25
"2021-09-26 21:15:00",237088,12.63,0.485,11.3,1,0.735,0.25
"2021-09-26 21:30:00",237089,12.63,0.485,11.23,1,0.735,0.25
"2021-09-26 21:45:00",237090,12.62,0.486,11.14,1,0.735,0.25
"2021-09-26 22:00:00",237091,12.62,0.485,11.04,1,0.735,0.25
"2021-09-26 22:15:00",237092,12.62,0.485,10.92,1,0.734,0.25
"2021-09-26 22:30:00",237093,12.62,0.485,10.81,1,0.735,0.25
"2021-09-26 22:45:00",237094,12.61,0.485,10.69,1,0.735,0.25
"2021-09-26 23:00:00",237095,12.61,0.485,10.58,1,0.735,0.25
"2021-09-26 23:15:00",237096,12.61,0.485,10.46,1,0.735,0.25
"2021-09-26 23:30:00",237097,12.61,0.484,10.34,1,0.734,0.25
"2021-09-26 23:45:00",237098,12.61,0.485,10.23,1,0.735,0.25
"2021-09-27 00:00:00",237099,12.61,0.485,10.11,1,0.735,0.25
"2021-09-27 00:15:00",237100,12.6,0.485,10,1,0.734,0.25
"2021-09-27 00:30:00",237101,12.6,0.485,9.88,1,0.734,0.25
"2021-09-27 00:45:00",237102,12.6,0.485,9.76,1,0.734,0.25
"2021-09-27 01:00:00",237103,12.6,0.484,9.65,1,0.734,0.25
"2021-09-27 01:15:00",237104,12.6,0.484,9.53,1,0.734,0.25
"2021-09-27 01:30:00",237105,12.59,0.484,9.42,1,0.733,0.25
"2021-09-27 01:45:00",237106,12.59,0.483,9.3,1,0.733,0.25
"2021-09-27 02:00:00",237107,12.59,0.484,9.19,1,0.734,0.25
"2021-09-27 02:15:00",237108,12.59,0.483,9.07,1,0.733,0.25
"2021-09-27 02:30:00",237109,12.59,0.483,8.96,1,0.732,0.25
"2021-09-27 02:45:00",237110,12.58,0.482,8.85,1,0.732,0.25
"2021-09-27 03:00:00",237111,12.58,0.482,8.74,1,0.732,0.25
"2021-09-27 03:15:00",237112,12.58,0.482,8.61,1,0.732,0.25
"2021-09-27 03:30:00",237113,12.58,0.481,8.52,1,0.731,0.25
"2021-09-27 03:45:00",237114,12.58,0.481,8.42,1,0.731,0.25
"2021-09-27 04:00:00",237115,12.58,0.481,8.32,1,0.731,0.25
"2021-09-27 04:15:00",237116,12.58,0.481,8.21,1,0.731,0.25
"2021-09-27 04:30:00",237117,12.57,0.48,8.11,1,0.73,0.25
"2021-09-27 04:45:00",237118,12.57,0.48,7.994,1,0.73,0.25
"2021-09-27 05:00:00",237119,12.57,0.479,7.897,1,0.729,0.25
"2021-09-27 05:15:00",237120,12.57,0.48,7.809,1,0.73,0.25
"2021-09-27 05:30:00",237121,12.57,0.48,7.704,1,0.729,0.25
"2021-09-27 05:45:00",237122,12.56,0.479,7.611,1,0.729,0.25
"2021-09-27 06:00:00",237123,12.56,0.479,7.523,1,0.728,0.25
"2021-09-27 06:15:00",237124,12.56,0.479,7.44,1,0.728,0.25
"2021-09-27 06:30:00",237125,12.56,0.479,7.352,1,0.729,0.25
"2021-09-27 06:45:00",237126,12.56,0.478,7.261,1,0.728,0.25
"2021-09-27 07:00:00",237127,12.56,0.478,7.183,1,0.727,0.25
"2021-09-27 07:15:00",237128,12.56,0.477,7.11,1,0.727,0.25
"2021-09-27 07:30:00",237129,12.56,0.477,7.025,1,0.727,0.25
"2021-09-27 07:45:00",237130,12.56,0.477,6.959,1,0.727,0.25
"2021-09-27 08:00:00",237131,12.56,0.476,6.902,1,0.726,0.25
"2021-09-27 08:15:00",237132,12.56,0.476,6.849,1,0.725,0.25
"2021-09-27 08:30:00",237133,12.56,0.476,6.794,1,0.725,0.25
"2021-09-27 08:45:00",237134,12.56,0.476,6.764,1,0.725,0.25
"2021-09-27 09:00:00",237135,12.56,0.475,6.811,1,0.725,0.25
"2021-09-27 09:15:00",237136,12.56,0.476,6.896,1,0.726,0.25
"2021-09-27 09:30:00",237137,12.56,0.476,7.062,1,0.725,0.25
"2021-09-27 09:45:00",237138,12.57,0.476,7.235,1,0.726,0.25
"2021-09-27 10:00:00",237139,12.57,0.475,7.293,1,0.725,0.25
"2021-09-27 10:15:00",237140,12.57,0.476,7.25,1,0.726,0.25
"2021-09-27 10:30:00",237141,12.58,0.477,7.323,1,0.726,0.25
"2021-09-27 10:45:00",237142,12.58,0.472,7.409,1,0.721,0.25
"2021-09-27 11:00:00",237143,12.59,0.473,7.475,1,0.722,0.25
"2021-09-27 11:15:00",237144,12.59,0.471,7.537,1,0.721,0.25
"2021-09-27 11:30:00",237145,12.59,0.469,7.6,1,0.718,0.25
"2021-09-27 11:45:00",237146,12.59,0.469,7.707,1,0.718,0.25
"2021-09-27 12:00:00",237147,12.6,0.468,7.883,1,0.717,0.25
"2021-09-27 12:15:00",237148,12.6,0.469,8.1,1,0.719,0.25
"2021-09-27 12:30:00",237149,12.62,0.471,8.4,1,0.72,0.25
"2021-09-27 12:45:00",237150,12.61,0.467,8.62,1,0.717,0.25
"2021-09-27 13:00:00",237151,12.61,0.469,8.8,1,0.719,0.25
"2021-09-27 13:15:00",237152,12.62,0.469,9.11,1,0.719,0.25
"2021-09-27 13:30:00",237153,12.62,0.468,9.39,1,0.718,0.25
"2021-09-27 13:45:00",237154,12.62,0.47,9.54,1,0.719,0.25
"2021-09-27 14:00:00",237155,12.63,0.47,9.69,1,0.72,0.25
"2021-09-27 14:15:00",237156,12.63,0.469,9.78,1,0.719,0.25
"2021-09-27 14:30:00",237157,12.64,0.467,9.85,1,0.717,0.25
"2021-09-27 14:45:00",237158,12.64,0.472,9.91,1,0.722,0.25
"2021-09-27 15:00:00",237159,12.64,0.476,9.96,1,0.726,0.25
"2021-09-27 15:15:00",237160,12.64,0.477,10.06,1,0.727,0.25
"2021-09-27 15:30:00",237161,12.64,0.478,10.21,1,0.728,0.25
"2021-09-27 15:45:00",237162,12.65,0.481,10.33,1,0.731,0.25
"2021-09-27 16:00:00",237163,12.64,0.482,10.43,1,0.731,0.25
"2021-09-27 16:15:00",237164,12.64,0.482,10.46,1,0.732,0.25
"2021-09-27 16:30:00",237165,12.64,0.484,10.52,1,0.733,0.25
"2021-09-27 16:45:00",237166,12.64,0.484,10.61,1,0.734,0.25
