"TOA5","DanaFk._297","CR800","15297","CR800.Std.11","CPU:DanaFk_downloaded_20210707.cr8","13686","T15min"
"TIMESTAMP","RECORD","BattV","Lvl_ft","Temp_C","Observed","Lvl_ft_corr","Offset"
"TS","RN","Volts","feet","deg C","","feet",""
"","","Smp","Smp","Smp","Smp","Smp","Smp"
"2021-08-03 00:00:00",231819,12.82,0.768,15.53,1,1.018,0.25
"2021-08-03 00:15:00",231820,12.81,0.77,15.4,1,1.019,0.25
"2021-08-03 00:30:00",231821,12.8,0.768,15.27,1,1.018,0.25
"2021-08-03 00:45:00",231822,12.78,0.77,15.16,1,1.019,0.25
"2021-08-03 01:00:00",231823,12.77,0.768,15.04,1,1.018,0.25
"2021-08-03 01:15:00",231824,12.76,0.769,14.92,1,1.019,0.25
"2021-08-03 01:30:00",231825,12.75,0.771,14.8,1,1.02,0.25
"2021-08-03 01:45:00",231826,12.74,0.77,14.69,1,1.02,0.25
"2021-08-03 02:00:00",231827,12.73,0.769,14.58,1,1.019,0.25
"2021-08-03 02:15:00",231828,12.72,0.77,14.47,1,1.02,0.25
"2021-08-03 02:30:00",231829,12.71,0.77,14.36,1,1.02,0.25
"2021-08-03 02:45:00",231830,12.7,0.77,14.26,1,1.02,0.25
"2021-08-03 03:00:00",231831,12.69,0.772,14.15,1,1.021,0.25
"2021-08-03 03:15:00",231832,12.68,0.771,14.05,1,1.02,0.25
"2021-08-03 03:30:00",231833,12.67,0.771,13.94,1,1.02,0.25
"2021-08-03 03:45:00",231834,12.66,0.773,13.83,1,1.023,0.25
"2021-08-03 04:00:00",231835,12.65,0.773,13.73,1,1.023,0.25
"2021-08-03 04:15:00",231836,12.65,0.772,13.62,1,1.021,0.25
"2021-08-03 04:30:00",231837,12.64,0.772,13.51,1,1.022,0.25
"2021-08-03 04:45:00",231838,12.63,0.772,13.41,1,1.022,0.25
"2021-08-03 05:00:00",231839,12.62,0.775,13.3,1,1.024,0.25
"2021-08-03 05:15:00",231840,12.61,0.774,13.19,1,1.024,0.25
"2021-08-03 05:30:00",231841,12.6,0.776,13.08,1,1.026,0.25
"2021-08-03 05:45:00",231842,12.6,0.777,12.97,1,1.027,0.25
"2021-08-03 06:00:00",231843,12.59,0.775,12.85,1,1.025,0.25
"2021-08-03 06:15:00",231844,12.58,0.776,12.75,1,1.026,0.25
"2021-08-03 06:30:00",231845,12.58,0.778,12.64,1,1.027,0.25
"2021-08-03 06:45:00",231846,12.56,0.777,12.54,1,1.027,0.25
"2021-08-03 07:00:00",231847,12.56,0.778,12.44,1,1.028,0.25
"2021-08-03 07:15:00",231848,12.55,0.777,12.35,1,1.026,0.25
"2021-08-03 07:30:00",231849,12.55,0.778,12.26,1,1.028,0.25
"2021-08-03 07:45:00",231850,12.56,0.778,12.18,1,1.028,0.25
"2021-08-03 08:00:00",231851,12.6,0.779,12.13,1,1.028,0.25
"2021-08-03 08:15:00",231852,12.66,0.779,12.1,1,1.029,0.25
"2021-08-03 08:30:00",231853,12.74,0.777,12.12,1,1.027,0.25
"2021-08-03 08:45:00",231854,12.85,0.778,12.15,1,1.027,0.25
"2021-08-03 09:00:00",231855,12.99,0.779,12.22,1,1.029,0.25
"2021-08-03 09:15:00",231856,13.19,0.779,12.33,1,1.028,0.25
"2021-08-03 09:30:00",231857,13.42,0.779,12.48,1,1.029,0.25
"2021-08-03 09:45:00",231858,13.4,0.779,12.67,1,1.028,0.25
"2021-08-03 10:00:00",231859,13.38,0.778,12.92,1,1.028,0.25
"2021-08-03 10:15:00",231860,13.37,0.779,13.1,1,1.029,0.25
"2021-08-03 10:30:00",231861,13.35,0.778,13.3,1,1.028,0.25
"2021-08-03 10:45:00",231862,13.33,0.779,13.51,1,1.029,0.25
"2021-08-03 11:00:00",231863,13.31,0.779,13.71,1,1.029,0.25
"2021-08-03 11:15:00",231864,13.3,0.778,13.91,1,1.028,0.25
"2021-08-03 11:30:00",231865,13.3,0.777,14.14,1,1.027,0.25
"2021-08-03 11:45:00",231866,13.29,0.778,14.39,1,1.028,0.25
"2021-08-03 12:00:00",231867,13.29,0.776,14.66,1,1.025,0.25
"2021-08-03 12:15:00",231868,13.28,0.777,14.93,1,1.027,0.25
"2021-08-03 12:30:00",231869,13.27,0.778,15.21,1,1.028,0.25
"2021-08-03 12:45:00",231870,13.26,0.777,15.49,1,1.026,0.25
"2021-08-03 13:00:00",231871,13.25,0.774,15.79,1,1.023,0.25
"2021-08-03 13:15:00",231872,13.24,0.776,16.08,1,1.026,0.25
"2021-08-03 13:30:00",231873,13.24,0.776,16.35,1,1.026,0.25
"2021-08-03 13:45:00",231874,13.24,0.774,16.63,1,1.023,0.25
"2021-08-03 14:00:00",231875,13.23,0.774,16.89,1,1.023,0.25
"2021-08-03 14:15:00",231876,13.23,0.775,17.16,1,1.024,0.25
"2021-08-03 14:30:00",231877,13.22,0.772,17.4,1,1.022,0.25
"2021-08-03 14:45:00",231878,13.21,0.771,17.59,1,1.021,0.25
"2021-08-03 15:00:00",231879,13.21,0.771,17.79,1,1.021,0.25
"2021-08-03 15:15:00",231880,13.2,0.769,17.95,1,1.019,0.25
"2021-08-03 15:30:00",231881,13.19,0.77,18.11,1,1.02,0.25
"2021-08-03 15:45:00",231882,13.19,0.772,18.22,1,1.021,0.25
"2021-08-03 16:00:00",231883,13.19,0.767,18.29,1,1.016,0.25
"2021-08-03 16:15:00",231884,13.19,0.768,18.36,1,1.017,0.25
"2021-08-03 16:30:00",231885,13.19,0.766,18.4,1,1.016,0.25
"2021-08-03 16:45:00",231886,13.18,0.764,18.42,1,1.014,0.25
"2021-08-03 17:00:00",231887,13.16,0.766,18.41,1,1.016,0.25
"2021-08-03 17:15:00",231888,13.15,0.763,18.4,1,1.013,0.25
"2021-08-03 17:30:00",231889,13.16,0.761,18.39,1,1.01,0.25
"2021-08-03 17:45:00",231890,13.18,0.762,18.34,1,1.012,0.25
"2021-08-03 18:00:00",231891,13.18,0.759,18.27,1,1.009,0.25
"2021-08-03 18:15:00",231892,13.14,0.758,18.21,1,1.008,0.25
"2021-08-03 18:30:00",231893,13.11,0.758,18.14,1,1.008,0.25
"2021-08-03 18:45:00",231894,13.09,0.756,18.06,1,1.006,0.25
"2021-08-03 19:00:00",231895,13.06,0.756,17.97,1,1.006,0.25
"2021-08-03 19:15:00",231896,13.05,0.753,17.89,1,1.002,0.25
"2021-08-03 19:30:00",231897,13.03,0.755,17.81,1,1.004,0.25
"2021-08-03 19:45:00",231898,13.01,0.752,17.74,1,1.002,0.25
"2021-08-03 20:00:00",231899,12.99,0.752,17.66,1,1.002,0.25
"2021-08-03 20:15:00",231900,12.98,0.751,17.58,1,1.001,0.25
"2021-08-03 20:30:00",231901,12.97,0.75,17.49,1,1,0.25
"2021-08-03 20:45:00",231902,12.95,0.748,17.4,1,0.998,0.25
"2021-08-03 21:00:00",231903,12.94,0.748,17.29,1,0.997,0.25
"2021-08-03 21:15:00",231904,12.93,0.749,17.19,1,0.998,0.25
"2021-08-03 21:30:00",231905,12.91,0.748,17.09,1,0.998,0.25
"2021-08-03 21:45:00",231906,12.9,0.746,16.98,1,0.995,0.25
"2021-08-03 22:00:00",231907,12.88,0.745,16.87,1,0.994,0.25
"2021-08-03 22:15:00",231908,12.87,0.746,16.76,1,0.996,0.25
"2021-08-03 22:30:00",231909,12.86,0.745,16.65,1,0.995,0.25
"2021-08-03 22:45:00",231910,12.85,0.745,16.53,1,0.995,0.25
"2021-08-03 23:00:00",231911,12.84,0.744,16.41,1,0.994,0.25
"2021-08-03 23:15:00",231912,12.83,0.746,16.28,1,0.995,0.25
"2021-08-03 23:30:00",231913,12.82,0.744,16.15,1,0.994,0.25
"2021-08-03 23:45:00",231914,12.81,0.743,16.04,1,0.993,0.25
"2021-08-04 00:00:00",231915,12.79,0.745,15.91,1,0.995,0.25
"2021-08-04 00:15:00",231916,12.78,0.745,15.78,1,0.994,0.25
"2021-08-04 00:30:00",231917,12.77,0.743,15.65,1,0.993,0.25
"2021-08-04 00:45:00",231918,12.76,0.743,15.52,1,0.993,0.25
"2021-08-04 01:00:00",231919,12.75,0.745,15.4,1,0.994,0.25
"2021-08-04 01:15:00",231920,12.74,0.744,15.27,1,0.994,0.25
"2021-08-04 01:30:00",231921,12.73,0.744,15.15,1,0.994,0.25
"2021-08-04 01:45:00",231922,12.72,0.743,15.03,1,0.993,0.25
"2021-08-04 02:00:00",231923,12.71,0.745,14.91,1,0.994,0.25
"2021-08-04 02:15:00",231924,12.7,0.745,14.79,1,0.995,0.25
"2021-08-04 02:30:00",231925,12.69,0.746,14.67,1,0.995,0.25
"2021-08-04 02:45:00",231926,12.68,0.746,14.55,1,0.996,0.25
"2021-08-04 03:00:00",231927,12.67,0.745,14.44,1,0.995,0.25
"2021-08-04 03:15:00",231928,12.66,0.747,14.33,1,0.997,0.25
"2021-08-04 03:30:00",231929,12.65,0.747,14.22,1,0.997,0.25
"2021-08-04 03:45:00",231930,12.64,0.748,14.12,1,0.998,0.25
"2021-08-04 04:00:00",231931,12.63,0.751,14.01,1,1,0.25
"2021-08-04 04:15:00",231932,12.63,0.75,13.91,1,0.999,0.25
"2021-08-04 04:30:00",231933,12.62,0.749,13.79,1,0.999,0.25
"2021-08-04 04:45:00",231934,12.61,0.75,13.69,1,1,0.25
"2021-08-04 05:00:00",231935,12.6,0.751,13.59,1,1.001,0.25
"2021-08-04 05:15:00",231936,12.6,0.751,13.49,1,1.001,0.25
"2021-08-04 05:30:00",231937,12.59,0.751,13.38,1,1,0.25
"2021-08-04 05:45:00",231938,12.58,0.752,13.28,1,1.002,0.25
"2021-08-04 06:00:00",231939,12.58,0.752,13.17,1,1.002,0.25
"2021-08-04 06:15:00",231940,12.57,0.752,13.07,1,1.001,0.25
"2021-08-04 06:30:00",231941,12.56,0.753,12.96,1,1.003,0.25
"2021-08-04 06:45:00",231942,12.56,0.753,12.86,1,1.003,0.25
"2021-08-04 07:00:00",231943,12.55,0.754,12.75,1,1.004,0.25
"2021-08-04 07:15:00",231944,12.55,0.753,12.66,1,1.003,0.25
"2021-08-04 07:30:00",231945,12.54,0.754,12.57,1,1.003,0.25
"2021-08-04 07:45:00",231946,12.56,0.755,12.49,1,1.005,0.25
"2021-08-04 08:00:00",231947,12.6,0.755,12.42,1,1.004,0.25
"2021-08-04 08:15:00",231948,12.66,0.754,12.39,1,1.004,0.25
"2021-08-04 08:30:00",231949,12.73,0.755,12.39,1,1.005,0.25
"2021-08-04 08:45:00",231950,12.84,0.755,12.42,1,1.004,0.25
"2021-08-04 09:00:00",231951,12.99,0.756,12.49,1,1.006,0.25
"2021-08-04 09:15:00",231952,13.19,0.755,12.61,1,1.005,0.25
"2021-08-04 09:30:00",231953,13.41,0.757,12.77,1,1.006,0.25
"2021-08-04 09:45:00",231954,13.38,0.757,12.96,1,1.007,0.25
"2021-08-04 10:00:00",231955,13.37,0.755,13.22,1,1.005,0.25
"2021-08-04 10:15:00",231956,13.35,0.757,13.41,1,1.007,0.25
"2021-08-04 10:30:00",231957,13.28,0.758,13.6,1,1.007,0.25
"2021-08-04 10:45:00",231958,13.29,0.758,13.8,1,1.007,0.25
"2021-08-04 11:00:00",231959,13.28,0.757,14,1,1.007,0.25
"2021-08-04 11:15:00",231960,13.27,0.758,14.19,1,1.008,0.25
"2021-08-04 11:30:00",231961,13.28,0.758,14.41,1,1.007,0.25
"2021-08-04 11:45:00",231962,13.28,0.757,14.64,1,1.007,0.25
"2021-08-04 12:00:00",231963,13.28,0.757,14.9,1,1.007,0.25
"2021-08-04 12:15:00",231964,13.27,0.757,15.16,1,1.006,0.25
"2021-08-04 12:30:00",231965,13.26,0.756,15.46,1,1.006,0.25
"2021-08-04 12:45:00",231966,13.25,0.756,15.75,1,1.005,0.25
"2021-08-04 13:00:00",231967,13.24,0.754,16.02,1,1.004,0.25
"2021-08-04 13:15:00",231968,13.24,0.756,16.29,1,1.006,0.25
"2021-08-04 13:30:00",231969,13.24,0.753,16.59,1,1.003,0.25
"2021-08-04 13:45:00",231970,13.23,0.753,16.87,1,1.003,0.25
"2021-08-04 14:00:00",231971,13.23,0.752,17.12,1,1.001,0.25
"2021-08-04 14:15:00",231972,13.23,0.75,17.27,1,1,0.25
"2021-08-04 14:30:00",231973,13.22,0.752,17.45,1,1.001,0.25
"2021-08-04 14:45:00",231974,13.21,0.75,17.68,1,1,0.25
"2021-08-04 15:00:00",231975,13.2,0.748,17.89,1,0.997,0.25
"2021-08-04 15:15:00",231976,13.19,0.747,18.05,1,0.997,0.25
"2021-08-04 15:30:00",231977,13.19,0.748,18.17,1,0.997,0.25
"2021-08-04 15:45:00",231978,13.19,0.748,18.27,1,0.997,0.25
"2021-08-04 16:00:00",231979,13.18,0.743,18.33,1,0.993,0.25
"2021-08-04 16:15:00",231980,13.18,0.742,18.36,1,0.992,0.25
"2021-08-04 16:30:00",231981,13.19,0.745,18.38,1,0.994,0.25
"2021-08-04 16:45:00",231982,13.18,0.743,18.38,1,0.993,0.25
"2021-08-04 17:00:00",231983,13.16,0.741,18.36,1,0.991,0.25
"2021-08-04 17:15:00",231984,13.14,0.741,18.33,1,0.99,0.25
"2021-08-04 17:30:00",231985,13.16,0.739,18.28,1,0.989,0.25
"2021-08-04 17:45:00",231986,13.18,0.738,18.2,1,0.988,0.25
"2021-08-04 18:00:00",231987,13.18,0.737,18.12,1,0.986,0.25
"2021-08-04 18:15:00",231988,13.14,0.736,18.03,1,0.985,0.25
"2021-08-04 18:30:00",231989,13.11,0.734,17.96,1,0.983,0.25
"2021-08-04 18:45:00",231990,13.09,0.733,17.87,1,0.983,0.25
"2021-08-04 19:00:00",231991,13.06,0.732,17.78,1,0.982,0.25
"2021-08-04 19:15:00",231992,13.05,0.731,17.68,1,0.981,0.25
"2021-08-04 19:30:00",231993,13.03,0.729,17.6,1,0.979,0.25
"2021-08-04 19:45:00",231994,13.01,0.729,17.52,1,0.978,0.25
"2021-08-04 20:00:00",231995,13,0.727,17.43,1,0.977,0.25
"2021-08-04 20:15:00",231996,12.98,0.728,17.34,1,0.977,0.25
"2021-08-04 20:30:00",231997,12.97,0.726,17.26,1,0.975,0.25
"2021-08-04 20:45:00",231998,12.95,0.726,17.18,1,0.976,0.25
"2021-08-04 21:00:00",231999,12.94,0.725,17.09,1,0.975,0.25
"2021-08-04 21:15:00",232000,12.92,0.725,16.99,1,0.975,0.25
"2021-08-04 21:30:00",232001,12.91,0.723,16.89,1,0.972,0.25
"2021-08-04 21:45:00",232002,12.9,0.721,16.78,1,0.971,0.25
"2021-08-04 22:00:00",232003,12.89,0.721,16.68,1,0.971,0.25
"2021-08-04 22:15:00",232004,12.87,0.722,16.58,1,0.972,0.25
"2021-08-04 22:30:00",232005,12.86,0.72,16.49,1,0.97,0.25
"2021-08-04 22:45:00",232006,12.85,0.722,16.39,1,0.972,0.25
"2021-08-04 23:00:00",232007,12.83,0.719,16.28,1,0.969,0.25
"2021-08-04 23:15:00",232008,12.83,0.721,16.17,1,0.97,0.25
"2021-08-04 23:30:00",232009,12.81,0.719,16.06,1,0.969,0.25
"2021-08-04 23:45:00",232010,12.81,0.72,15.95,1,0.97,0.25
"2021-08-05 00:00:00",232011,12.79,0.721,15.83,1,0.97,0.25
"2021-08-05 00:15:00",232012,12.78,0.72,15.73,1,0.97,0.25
"2021-08-05 00:30:00",232013,12.77,0.721,15.61,1,0.97,0.25
"2021-08-05 00:45:00",232014,12.76,0.721,15.5,1,0.971,0.25
"2021-08-05 01:00:00",232015,12.75,0.722,15.38,1,0.971,0.25
"2021-08-05 01:15:00",232016,12.74,0.72,15.26,1,0.969,0.25
"2021-08-05 01:30:00",232017,12.73,0.719,15.15,1,0.969,0.25
"2021-08-05 01:45:00",232018,12.72,0.72,15.03,1,0.969,0.25
"2021-08-05 02:00:00",232019,12.71,0.72,14.9,1,0.97,0.25
"2021-08-05 02:15:00",232020,12.7,0.721,14.78,1,0.971,0.25
"2021-08-05 02:30:00",232021,12.69,0.723,14.67,1,0.972,0.25
"2021-08-05 02:45:00",232022,12.68,0.722,14.56,1,0.971,0.25
"2021-08-05 03:00:00",232023,12.67,0.722,14.44,1,0.972,0.25
"2021-08-05 03:15:00",232024,12.66,0.722,14.32,1,0.972,0.25
"2021-08-05 03:30:00",232025,12.65,0.724,14.21,1,0.974,0.25
"2021-08-05 03:45:00",232026,12.65,0.724,14.1,1,0.974,0.25
"2021-08-05 04:00:00",232027,12.64,0.726,13.99,1,0.976,0.25
"2021-08-05 04:15:00",232028,12.62,0.727,13.88,1,0.977,0.25
"2021-08-05 04:30:00",232029,12.62,0.726,13.78,1,0.976,0.25
"2021-08-05 04:45:00",232030,12.61,0.727,13.67,1,0.977,0.25
"2021-08-05 05:00:00",232031,12.6,0.726,13.57,1,0.976,0.25
"2021-08-05 05:15:00",232032,12.59,0.728,13.47,1,0.977,0.25
"2021-08-05 05:30:00",232033,12.59,0.729,13.37,1,0.979,0.25
"2021-08-05 05:45:00",232034,12.58,0.731,13.28,1,0.98,0.25
"2021-08-05 06:00:00",232035,12.58,0.73,13.17,1,0.98,0.25
"2021-08-05 06:15:00",232036,12.56,0.73,13.07,1,0.979,0.25
"2021-08-05 06:30:00",232037,12.56,0.73,12.96,1,0.98,0.25
"2021-08-05 06:45:00",232038,12.55,0.73,12.87,1,0.98,0.25
"2021-08-05 07:00:00",232039,12.55,0.731,12.76,1,0.981,0.25
"2021-08-05 07:15:00",232040,12.54,0.732,12.67,1,0.982,0.25
"2021-08-05 07:30:00",232041,12.54,0.733,12.59,1,0.983,0.25
"2021-08-05 07:45:00",232042,12.55,0.732,12.52,1,0.981,0.25
"2021-08-05 08:00:00",232043,12.59,0.732,12.46,1,0.982,0.25
"2021-08-05 08:15:00",232044,12.65,0.733,12.43,1,0.983,0.25
"2021-08-05 08:30:00",232045,12.72,0.733,12.44,1,0.983,0.25
"2021-08-05 08:45:00",232046,12.82,0.732,12.47,1,0.982,0.25
"2021-08-05 09:00:00",232047,12.96,0.734,12.54,1,0.983,0.25
"2021-08-05 09:15:00",232048,13.16,0.735,12.65,1,0.985,0.25
"2021-08-05 09:30:00",232049,13.38,0.734,12.79,1,0.984,0.25
"2021-08-05 09:45:00",232050,13.38,0.732,12.98,1,0.981,0.25
"2021-08-05 10:00:00",232051,13.38,0.734,13.23,1,0.983,0.25
"2021-08-05 10:15:00",232052,13.37,0.733,13.4,1,0.982,0.25
"2021-08-05 10:30:00",232053,13.36,0.734,13.57,1,0.983,0.25
"2021-08-05 10:45:00",232054,13.34,0.731,13.76,1,0.98,0.25
"2021-08-05 11:00:00",232055,13.33,0.728,13.97,1,0.977,0.25
"2021-08-05 11:15:00",232056,13.33,0.729,14.16,1,0.978,0.25
"2021-08-05 11:30:00",232057,13.33,0.731,14.36,1,0.981,0.25
"2021-08-05 11:45:00",232058,13.33,0.731,14.56,1,0.98,0.25
"2021-08-05 12:00:00",232059,13.32,0.731,14.82,1,0.981,0.25
"2021-08-05 12:15:00",232060,13.32,0.73,15.06,1,0.98,0.25
"2021-08-05 12:30:00",232061,13.31,0.729,15.34,1,0.979,0.25
"2021-08-05 12:45:00",232062,13.3,0.73,15.6,1,0.98,0.25
"2021-08-05 13:00:00",232063,13.29,0.732,15.86,1,0.982,0.25
"2021-08-05 13:15:00",232064,13.28,0.733,16.14,1,0.982,0.25
"2021-08-05 13:30:00",232065,13.28,0.731,16.38,1,0.981,0.25
"2021-08-05 13:45:00",232066,13.28,0.729,16.61,1,0.979,0.25
"2021-08-05 14:00:00",232067,13.28,0.73,16.83,1,0.98,0.25
"2021-08-05 14:15:00",232068,13.28,0.728,17.04,1,0.978,0.25
"2021-08-05 14:30:00",232069,13.27,0.728,17.24,1,0.977,0.25
"2021-08-05 14:45:00",232070,13.26,0.728,17.43,1,0.978,0.25
"2021-08-05 15:00:00",232071,13.25,0.728,17.58,1,0.978,0.25
"2021-08-05 15:15:00",232072,13.24,0.727,17.7,1,0.977,0.25
"2021-08-05 15:30:00",232073,13.24,0.728,17.81,1,0.978,0.25
"2021-08-05 15:45:00",232074,13.24,0.725,17.86,1,0.975,0.25
"2021-08-05 16:00:00",232075,13.23,0.723,17.89,1,0.973,0.25
"2021-08-05 16:15:00",232076,13.24,0.722,17.91,1,0.972,0.25
"2021-08-05 16:30:00",232077,13.24,0.721,17.9,1,0.97,0.25
"2021-08-05 16:45:00",232078,13.23,0.72,17.86,1,0.97,0.25
"2021-08-05 17:00:00",232079,13.21,0.718,17.8,1,0.968,0.25
"2021-08-05 17:15:00",232080,13.2,0.718,17.72,1,0.967,0.25
"2021-08-05 17:30:00",232081,13.22,0.718,17.62,1,0.967,0.25
"2021-08-05 17:45:00",232082,13.24,0.716,17.51,1,0.965,0.25
"2021-08-05 18:00:00",232083,13.24,0.715,17.39,1,0.965,0.25
"2021-08-05 18:15:00",232084,13.2,0.713,17.27,1,0.963,0.25
"2021-08-05 18:30:00",232085,13.17,0.712,17.16,1,0.962,0.25
"2021-08-05 18:45:00",232086,13.15,0.71,17.03,1,0.959,0.25
"2021-08-05 19:00:00",232087,13.13,0.709,16.89,1,0.959,0.25
"2021-08-05 19:15:00",232088,13.11,0.709,16.74,1,0.959,0.25
"2021-08-05 19:30:00",232089,13.09,0.708,16.61,1,0.957,0.25
"2021-08-05 19:45:00",232090,13.07,0.706,16.48,1,0.956,0.25
"2021-08-05 20:00:00",232091,13.06,0.706,16.36,1,0.955,0.25
"2021-08-05 20:15:00",232092,13.04,0.705,16.26,1,0.955,0.25
"2021-08-05 20:30:00",232093,13.03,0.703,16.15,1,0.952,0.25
"2021-08-05 20:45:00",232094,13.01,0.703,16.04,1,0.952,0.25
"2021-08-05 21:00:00",232095,13,0.703,15.91,1,0.952,0.25
"2021-08-05 21:15:00",232096,12.99,0.701,15.79,1,0.95,0.25
"2021-08-05 21:30:00",232097,12.97,0.7,15.67,1,0.95,0.25
"2021-08-05 21:45:00",232098,12.96,0.7,15.54,1,0.949,0.25
"2021-08-05 22:00:00",232099,12.94,0.699,15.42,1,0.949,0.25
"2021-08-05 22:15:00",232100,12.93,0.698,15.3,1,0.948,0.25
"2021-08-05 22:30:00",232101,12.92,0.698,15.18,1,0.948,0.25
"2021-08-05 22:45:00",232102,12.9,0.697,15.06,1,0.947,0.25
"2021-08-05 23:00:00",232103,12.89,0.697,14.94,1,0.947,0.25
"2021-08-05 23:15:00",232104,12.88,0.698,14.82,1,0.948,0.25
"2021-08-05 23:30:00",232105,12.87,0.695,14.7,1,0.945,0.25
"2021-08-05 23:45:00",232106,12.86,0.696,14.56,1,0.946,0.25
"2021-08-06 00:00:00",232107,12.85,0.695,14.43,1,0.945,0.25
"2021-08-06 00:15:00",232108,12.84,0.696,14.28,1,0.945,0.25
"2021-08-06 00:30:00",232109,12.83,0.696,14.14,1,0.946,0.25
"2021-08-06 00:45:00",232110,12.82,0.696,14,1,0.946,0.25
"2021-08-06 01:00:00",232111,12.8,0.697,13.87,1,0.947,0.25
"2021-08-06 01:15:00",232112,12.79,0.698,13.73,1,0.948,0.25
"2021-08-06 01:30:00",232113,12.78,0.697,13.58,1,0.947,0.25
"2021-08-06 01:45:00",232114,12.77,0.698,13.43,1,0.948,0.25
"2021-08-06 02:00:00",232115,12.76,0.699,13.28,1,0.949,0.25
"2021-08-06 02:15:00",232116,12.75,0.699,13.14,1,0.949,0.25
"2021-08-06 02:30:00",232117,12.74,0.7,12.98,1,0.95,0.25
"2021-08-06 02:45:00",232118,12.73,0.699,12.83,1,0.949,0.25
"2021-08-06 03:00:00",232119,12.72,0.7,12.69,1,0.95,0.25
"2021-08-06 03:15:00",232120,12.71,0.7,12.53,1,0.95,0.25
"2021-08-06 03:30:00",232121,12.69,0.7,12.39,1,0.95,0.25
"2021-08-06 03:45:00",232122,12.69,0.7,12.24,1,0.95,0.25
"2021-08-06 04:00:00",232123,12.68,0.702,12.08,1,0.952,0.25
"2021-08-06 04:15:00",232124,12.67,0.703,11.94,1,0.952,0.25
"2021-08-06 04:30:00",232125,12.66,0.704,11.79,1,0.954,0.25
"2021-08-06 04:45:00",232126,12.65,0.703,11.62,1,0.953,0.25
"2021-08-06 05:00:00",232127,12.63,0.704,11.47,1,0.954,0.25
"2021-08-06 05:15:00",232128,12.62,0.705,11.35,1,0.955,0.25
"2021-08-06 05:30:00",232129,12.62,0.707,11.19,1,0.956,0.25
"2021-08-06 05:45:00",232130,12.61,0.707,11.05,1,0.956,0.25
"2021-08-06 06:00:00",232131,12.6,0.708,10.91,1,0.958,0.25
"2021-08-06 06:15:00",232132,12.59,0.708,10.79,1,0.958,0.25
"2021-08-06 06:30:00",232133,12.58,0.708,10.65,1,0.958,0.25
"2021-08-06 06:45:00",232134,12.58,0.707,10.54,1,0.957,0.25
"2021-08-06 07:00:00",232135,12.57,0.707,10.41,1,0.956,0.25
"2021-08-06 07:15:00",232136,12.56,0.707,10.31,1,0.957,0.25
"2021-08-06 07:30:00",232137,12.56,0.707,10.21,1,0.956,0.25
"2021-08-06 07:45:00",232138,12.59,0.707,10.11,1,0.957,0.25
"2021-08-06 08:00:00",232139,12.65,0.708,10.04,1,0.957,0.25
"2021-08-06 08:15:00",232140,12.74,0.708,9.99,1,0.958,0.25
"2021-08-06 08:30:00",232141,12.86,0.708,9.98,1,0.958,0.25
"2021-08-06 08:45:00",232142,13.03,0.708,10,1,0.958,0.25
"2021-08-06 09:00:00",232143,13.34,0.709,10.05,1,0.959,0.25
"2021-08-06 09:15:00",232144,13.6,0.708,10.15,1,0.958,0.25
"2021-08-06 09:30:00",232145,13.56,0.709,10.29,1,0.959,0.25
"2021-08-06 09:45:00",232146,13.51,0.709,10.49,1,0.958,0.25
"2021-08-06 10:00:00",232147,13.48,0.711,10.77,1,0.96,0.25
"2021-08-06 10:15:00",232148,13.47,0.71,10.96,1,0.96,0.25
"2021-08-06 10:30:00",232149,13.46,0.711,11.17,1,0.961,0.25
"2021-08-06 10:45:00",232150,13.43,0.711,11.4,1,0.961,0.25
"2021-08-06 11:00:00",232151,13.41,0.711,11.62,1,0.961,0.25
"2021-08-06 11:15:00",232152,13.41,0.711,11.84,1,0.961,0.25
"2021-08-06 11:30:00",232153,13.4,0.711,12.06,1,0.961,0.25
"2021-08-06 11:45:00",232154,13.4,0.711,12.29,1,0.96,0.25
"2021-08-06 12:00:00",232155,13.39,0.71,12.54,1,0.96,0.25
"2021-08-06 12:15:00",232156,13.38,0.711,12.81,1,0.96,0.25
"2021-08-06 12:30:00",232157,13.37,0.711,13.08,1,0.961,0.25
"2021-08-06 12:45:00",232158,13.35,0.711,13.35,1,0.961,0.25
"2021-08-06 13:00:00",232159,13.33,0.711,13.62,1,0.96,0.25
"2021-08-06 13:15:00",232160,13.32,0.711,13.9,1,0.96,0.25
"2021-08-06 13:30:00",232161,13.32,0.712,14.15,1,0.961,0.25
"2021-08-06 13:45:00",232162,13.31,0.712,14.39,1,0.961,0.25
"2021-08-06 14:00:00",232163,13.3,0.711,14.63,1,0.96,0.25
"2021-08-06 14:15:00",232164,13.3,0.71,14.87,1,0.96,0.25
"2021-08-06 14:30:00",232165,13.28,0.711,15.09,1,0.961,0.25
"2021-08-06 14:45:00",232166,13.27,0.709,15.29,1,0.958,0.25
"2021-08-06 15:00:00",232167,13.26,0.71,15.46,1,0.959,0.25
"2021-08-06 15:15:00",232168,13.24,0.71,15.63,1,0.96,0.25
"2021-08-06 15:30:00",232169,13.24,0.71,15.76,1,0.96,0.25
"2021-08-06 15:45:00",232170,13.24,0.71,15.86,1,0.959,0.25
"2021-08-06 16:00:00",232171,13.23,0.707,15.92,1,0.957,0.25
"2021-08-06 16:15:00",232172,13.23,0.707,15.96,1,0.957,0.25
"2021-08-06 16:30:00",232173,13.23,0.706,15.99,1,0.955,0.25
"2021-08-06 16:45:00",232174,13.23,0.707,15.99,1,0.956,0.25
"2021-08-06 17:00:00",232175,13.21,0.706,15.96,1,0.956,0.25
"2021-08-06 17:15:00",232176,13.21,0.703,15.93,1,0.953,0.25
"2021-08-06 17:30:00",232177,13.22,0.704,15.88,1,0.954,0.25
"2021-08-06 17:45:00",232178,13.24,0.702,15.82,1,0.952,0.25
"2021-08-06 18:00:00",232179,13.25,0.701,15.75,1,0.951,0.25
"2021-08-06 18:15:00",232180,13.25,0.701,15.68,1,0.95,0.25
"2021-08-06 18:30:00",232181,13.22,0.699,15.6,1,0.949,0.25
"2021-08-06 18:45:00",232182,13.19,0.699,15.52,1,0.948,0.25
"2021-08-06 19:00:00",232183,13.16,0.698,15.45,1,0.947,0.25
"2021-08-06 19:15:00",232184,13.14,0.696,15.38,1,0.946,0.25
"2021-08-06 19:30:00",232185,13.12,0.696,15.32,1,0.946,0.25
"2021-08-06 19:45:00",232186,13.11,0.695,15.26,1,0.945,0.25
"2021-08-06 20:00:00",232187,13.09,0.693,15.19,1,0.942,0.25
"2021-08-06 20:15:00",232188,13.07,0.691,15.12,1,0.941,0.25
"2021-08-06 20:30:00",232189,13.05,0.69,15.05,1,0.94,0.25
"2021-08-06 20:45:00",232190,13.04,0.691,14.97,1,0.94,0.25
"2021-08-06 21:00:00",232191,13.03,0.689,14.89,1,0.939,0.25
"2021-08-06 21:15:00",232192,13.01,0.689,14.79,1,0.938,0.25
"2021-08-06 21:30:00",232193,13,0.688,14.71,1,0.937,0.25
"2021-08-06 21:45:00",232194,12.99,0.687,14.62,1,0.936,0.25
"2021-08-06 22:00:00",232195,12.98,0.686,14.54,1,0.935,0.25
"2021-08-06 22:15:00",232196,12.96,0.686,14.45,1,0.936,0.25
"2021-08-06 22:30:00",232197,12.94,0.685,14.36,1,0.935,0.25
"2021-08-06 22:45:00",232198,12.93,0.685,14.28,1,0.935,0.25
"2021-08-06 23:00:00",232199,12.92,0.684,14.19,1,0.934,0.25
"2021-08-06 23:15:00",232200,12.9,0.684,14.1,1,0.934,0.25
"2021-08-06 23:30:00",232201,12.9,0.685,14.02,1,0.935,0.25
"2021-08-06 23:45:00",232202,12.89,0.685,13.93,1,0.935,0.25
"2021-08-07 00:00:00",232203,12.87,0.686,13.84,1,0.936,0.25
"2021-08-07 00:15:00",232204,12.86,0.686,13.75,1,0.936,0.25
"2021-08-07 00:30:00",232205,12.85,0.687,13.67,1,0.936,0.25
"2021-08-07 00:45:00",232206,12.84,0.686,13.58,1,0.936,0.25
"2021-08-07 01:00:00",232207,12.83,0.686,13.49,1,0.936,0.25
"2021-08-07 01:15:00",232208,12.82,0.686,13.41,1,0.936,0.25
"2021-08-07 01:30:00",232209,12.8,0.687,13.32,1,0.937,0.25
"2021-08-07 01:45:00",232210,12.79,0.687,13.23,1,0.937,0.25
"2021-08-07 02:00:00",232211,12.78,0.687,13.15,1,0.937,0.25
"2021-08-07 02:15:00",232212,12.77,0.688,13.05,1,0.938,0.25
"2021-08-07 02:30:00",232213,12.76,0.689,12.95,1,0.938,0.25
"2021-08-07 02:45:00",232214,12.75,0.689,12.86,1,0.938,0.25
"2021-08-07 03:00:00",232215,12.74,0.689,12.76,1,0.939,0.25
"2021-08-07 03:15:00",232216,12.73,0.688,12.67,1,0.938,0.25
"2021-08-07 03:30:00",232217,12.72,0.69,12.58,1,0.94,0.25
"2021-08-07 03:45:00",232218,12.71,0.691,12.48,1,0.941,0.25
"2021-08-07 04:00:00",232219,12.7,0.69,12.39,1,0.94,0.25
"2021-08-07 04:15:00",232220,12.69,0.692,12.3,1,0.941,0.25
"2021-08-07 04:30:00",232221,12.68,0.692,12.22,1,0.942,0.25
"2021-08-07 04:45:00",232222,12.67,0.692,12.13,1,0.942,0.25
"2021-08-07 05:00:00",232223,12.66,0.692,12.04,1,0.942,0.25
"2021-08-07 05:15:00",232224,12.65,0.693,11.95,1,0.943,0.25
"2021-08-07 05:30:00",232225,12.65,0.694,11.86,1,0.943,0.25
"2021-08-07 05:45:00",232226,12.64,0.694,11.78,1,0.944,0.25
"2021-08-07 06:00:00",232227,12.63,0.694,11.69,1,0.943,0.25
"2021-08-07 06:15:00",232228,12.62,0.695,11.6,1,0.945,0.25
"2021-08-07 06:30:00",232229,12.61,0.696,11.52,1,0.945,0.25
"2021-08-07 06:45:00",232230,12.6,0.696,11.43,1,0.945,0.25
"2021-08-07 07:00:00",232231,12.59,0.696,11.35,1,0.945,0.25
"2021-08-07 07:15:00",232232,12.59,0.697,11.27,1,0.946,0.25
"2021-08-07 07:30:00",232233,12.58,0.697,11.2,1,0.946,0.25
"2021-08-07 07:45:00",232234,12.6,0.697,11.13,1,0.947,0.25
"2021-08-07 08:00:00",232235,12.65,0.697,11.08,1,0.946,0.25
"2021-08-07 08:15:00",232236,12.71,0.696,11.05,1,0.945,0.25
"2021-08-07 08:30:00",232237,12.8,0.697,11.05,1,0.946,0.25
"2021-08-07 08:45:00",232238,12.93,0.696,11.08,1,0.945,0.25
"2021-08-07 09:00:00",232239,13.11,0.697,11.15,1,0.947,0.25
"2021-08-07 09:15:00",232240,13.34,0.7,11.26,1,0.95,0.25
"2021-08-07 09:30:00",232241,13.47,0.698,11.42,1,0.947,0.25
"2021-08-07 09:45:00",232242,13.42,0.699,11.65,1,0.949,0.25
"2021-08-07 10:00:00",232243,13.41,0.699,11.97,1,0.949,0.25
"2021-08-07 10:15:00",232244,13.39,0.7,12.19,1,0.95,0.25
"2021-08-07 10:30:00",232245,13.38,0.7,12.43,1,0.95,0.25
"2021-08-07 10:45:00",232246,13.35,0.7,12.67,1,0.95,0.25
"2021-08-07 11:00:00",232247,13.34,0.7,12.93,1,0.95,0.25
"2021-08-07 11:15:00",232248,13.33,0.699,13.18,1,0.949,0.25
"2021-08-07 11:30:00",232249,13.32,0.7,13.42,1,0.949,0.25
"2021-08-07 11:45:00",232250,13.32,0.699,13.69,1,0.949,0.25
"2021-08-07 12:00:00",232251,13.31,0.699,13.98,1,0.949,0.25
"2021-08-07 12:15:00",232252,13.3,0.697,14.28,1,0.947,0.25
"2021-08-07 12:30:00",232253,13.29,0.699,14.58,1,0.949,0.25
"2021-08-07 12:45:00",232254,13.28,0.694,14.88,1,0.944,0.25
"2021-08-07 13:00:00",232255,13.26,0.697,15.16,1,0.947,0.25
"2021-08-07 13:15:00",232256,13.26,0.696,15.44,1,0.946,0.25
"2021-08-07 13:30:00",232257,13.26,0.697,15.72,1,0.946,0.25
"2021-08-07 13:45:00",232258,13.25,0.698,15.97,1,0.948,0.25
"2021-08-07 14:00:00",232259,13.24,0.697,16.21,1,0.947,0.25
"2021-08-07 14:15:00",232260,13.24,0.697,16.43,1,0.947,0.25
"2021-08-07 14:30:00",232261,13.23,0.695,16.64,1,0.945,0.25
"2021-08-07 14:45:00",232262,13.22,0.695,16.83,1,0.945,0.25
"2021-08-07 15:00:00",232263,13.21,0.696,16.98,1,0.945,0.25
"2021-08-07 15:15:00",232264,13.21,0.695,17.12,1,0.945,0.25
"2021-08-07 15:30:00",232265,13.21,0.694,17.22,1,0.943,0.25
"2021-08-07 15:45:00",232266,13.2,0.694,17.32,1,0.944,0.25
"2021-08-07 16:00:00",232267,13.19,0.693,17.37,1,0.943,0.25
"2021-08-07 16:15:00",232268,13.2,0.694,17.39,1,0.943,0.25
"2021-08-07 16:30:00",232269,13.21,0.693,17.39,1,0.943,0.25
"2021-08-07 16:45:00",232270,13.21,0.692,17.36,1,0.941,0.25
"2021-08-07 17:00:00",232271,13.19,0.691,17.31,1,0.941,0.25
"2021-08-07 17:15:00",232272,13.18,0.69,17.25,1,0.939,0.25
"2021-08-07 17:30:00",232273,13.2,0.688,17.17,1,0.938,0.25
"2021-08-07 17:45:00",232274,13.22,0.688,17.08,1,0.938,0.25
"2021-08-07 18:00:00",232275,13.22,0.688,16.99,1,0.937,0.25
"2021-08-07 18:15:00",232276,13.18,0.686,16.89,1,0.936,0.25
"2021-08-07 18:30:00",232277,13.16,0.684,16.79,1,0.933,0.25
"2021-08-07 18:45:00",232278,13.14,0.684,16.7,1,0.934,0.25
"2021-08-07 19:00:00",232279,13.11,0.683,16.59,1,0.933,0.25
"2021-08-07 19:15:00",232280,13.1,0.682,16.5,1,0.932,0.25
"2021-08-07 19:30:00",232281,13.07,0.68,16.41,1,0.93,0.25
"2021-08-07 19:45:00",232282,13.06,0.68,16.33,1,0.93,0.25
"2021-08-07 20:00:00",232283,13.04,0.681,16.24,1,0.93,0.25
"2021-08-07 20:15:00",232284,13.03,0.679,16.16,1,0.929,0.25
"2021-08-07 20:30:00",232285,13.01,0.679,16.08,1,0.928,0.25
"2021-08-07 20:45:00",232286,13,0.677,15.99,1,0.927,0.25
"2021-08-07 21:00:00",232287,12.98,0.676,15.9,1,0.925,0.25
"2021-08-07 21:15:00",232288,12.97,0.676,15.8,1,0.925,0.25
"2021-08-07 21:30:00",232289,12.95,0.676,15.71,1,0.925,0.25
"2021-08-07 21:45:00",232290,12.94,0.674,15.61,1,0.923,0.25
"2021-08-07 22:00:00",232291,12.93,0.674,15.51,1,0.923,0.25
"2021-08-07 22:15:00",232292,12.92,0.673,15.41,1,0.922,0.25
"2021-08-07 22:30:00",232293,12.9,0.672,15.32,1,0.922,0.25
"2021-08-07 22:45:00",232294,12.89,0.67,15.23,1,0.92,0.25
"2021-08-07 23:00:00",232295,12.88,0.671,15.14,1,0.921,0.25
"2021-08-07 23:15:00",232296,12.87,0.671,15.05,1,0.921,0.25
"2021-08-07 23:30:00",232297,12.86,0.671,14.96,1,0.921,0.25
"2021-08-07 23:45:00",232298,12.84,0.671,14.87,1,0.921,0.25
"2021-08-08 00:00:00",232299,12.83,0.671,14.78,1,0.921,0.25
"2021-08-08 00:15:00",232300,12.82,0.671,14.68,1,0.921,0.25
"2021-08-08 00:30:00",232301,12.81,0.67,14.58,1,0.92,0.25
"2021-08-08 00:45:00",232302,12.8,0.671,14.48,1,0.921,0.25
"2021-08-08 01:00:00",232303,12.79,0.671,14.37,1,0.921,0.25
"2021-08-08 01:15:00",232304,12.77,0.671,14.28,1,0.921,0.25
"2021-08-08 01:30:00",232305,12.77,0.673,14.17,1,0.922,0.25
"2021-08-08 01:45:00",232306,12.76,0.672,14.07,1,0.921,0.25
"2021-08-08 02:00:00",232307,12.75,0.673,13.96,1,0.922,0.25
"2021-08-08 02:15:00",232308,12.74,0.672,13.85,1,0.922,0.25
"2021-08-08 02:30:00",232309,12.73,0.671,13.74,1,0.921,0.25
"2021-08-08 02:45:00",232310,12.72,0.671,13.64,1,0.921,0.25
"2021-08-08 03:00:00",232311,12.71,0.672,13.53,1,0.922,0.25
"2021-08-08 03:15:00",232312,12.7,0.673,13.42,1,0.923,0.25
"2021-08-08 03:30:00",232313,12.68,0.672,13.31,1,0.922,0.25
"2021-08-08 03:45:00",232314,12.67,0.674,13.2,1,0.924,0.25
"2021-08-08 04:00:00",232315,12.66,0.674,13.09,1,0.924,0.25
"2021-08-08 04:15:00",232316,12.66,0.675,12.99,1,0.924,0.25
"2021-08-08 04:30:00",232317,12.65,0.675,12.87,1,0.925,0.25
"2021-08-08 04:45:00",232318,12.64,0.677,12.76,1,0.926,0.25
"2021-08-08 05:00:00",232319,12.63,0.678,12.66,1,0.928,0.25
"2021-08-08 05:15:00",232320,12.62,0.678,12.55,1,0.927,0.25
"2021-08-08 05:30:00",232321,12.61,0.68,12.45,1,0.93,0.25
"2021-08-08 05:45:00",232322,12.6,0.681,12.34,1,0.93,0.25
"2021-08-08 06:00:00",232323,12.59,0.681,12.23,1,0.93,0.25
"2021-08-08 06:15:00",232324,12.59,0.682,12.13,1,0.932,0.25
"2021-08-08 06:30:00",232325,12.58,0.682,12.02,1,0.932,0.25
"2021-08-08 06:45:00",232326,12.57,0.683,11.93,1,0.932,0.25
"2021-08-08 07:00:00",232327,12.57,0.683,11.83,1,0.932,0.25
"2021-08-08 07:15:00",232328,12.56,0.684,11.74,1,0.934,0.25
"2021-08-08 07:30:00",232329,12.56,0.683,11.66,1,0.932,0.25
"2021-08-08 07:45:00",232330,12.57,0.682,11.59,1,0.932,0.25
"2021-08-08 08:00:00",232331,12.62,0.682,11.54,1,0.932,0.25
"2021-08-08 08:15:00",232332,12.68,0.684,11.51,1,0.934,0.25
"2021-08-08 08:30:00",232333,12.77,0.685,11.51,1,0.934,0.25
"2021-08-08 08:45:00",232334,12.89,0.686,11.53,1,0.935,0.25
"2021-08-08 09:00:00",232335,13.06,0.685,11.58,1,0.935,0.25
"2021-08-08 09:15:00",232336,13.28,0.686,11.69,1,0.936,0.25
"2021-08-08 09:30:00",232337,13.47,0.687,11.83,1,0.936,0.25
"2021-08-08 09:45:00",232338,13.42,0.687,12.04,1,0.937,0.25
"2021-08-08 10:00:00",232339,13.41,0.687,12.35,1,0.936,0.25
"2021-08-08 10:15:00",232340,13.4,0.688,12.56,1,0.937,0.25
"2021-08-08 10:30:00",232341,13.39,0.687,12.79,1,0.937,0.25
"2021-08-08 10:45:00",232342,13.38,0.687,13.03,1,0.937,0.25
"2021-08-08 11:00:00",232343,13.36,0.688,13.3,1,0.938,0.25
"2021-08-08 11:15:00",232344,13.35,0.688,13.55,1,0.938,0.25
"2021-08-08 11:30:00",232345,13.35,0.688,13.79,1,0.938,0.25
"2021-08-08 11:45:00",232346,13.35,0.689,14.06,1,0.939,0.25
"2021-08-08 12:00:00",232347,13.34,0.687,14.36,1,0.936,0.25
"2021-08-08 12:15:00",232348,13.33,0.689,14.66,1,0.938,0.25
"2021-08-08 12:30:00",232349,13.32,0.686,14.95,1,0.935,0.25
"2021-08-08 12:45:00",232350,13.3,0.686,15.23,1,0.936,0.25
"2021-08-08 13:00:00",232351,13.29,0.686,15.5,1,0.936,0.25
"2021-08-08 13:15:00",232352,13.29,0.687,15.76,1,0.937,0.25
"2021-08-08 13:30:00",232353,13.28,0.687,16.01,1,0.937,0.25
"2021-08-08 13:45:00",232354,13.28,0.688,16.23,1,0.938,0.25
"2021-08-08 14:00:00",232355,13.27,0.687,16.45,1,0.937,0.25
"2021-08-08 14:15:00",232356,13.27,0.687,16.64,1,0.937,0.25
"2021-08-08 14:30:00",232357,13.26,0.686,16.8,1,0.935,0.25
"2021-08-08 14:45:00",232358,13.25,0.686,16.95,1,0.936,0.25
"2021-08-08 15:00:00",232359,13.24,0.683,17.09,1,0.933,0.25
"2021-08-08 15:15:00",232360,13.24,0.683,17.21,1,0.933,0.25
"2021-08-08 15:30:00",232361,13.24,0.682,17.31,1,0.931,0.25
"2021-08-08 15:45:00",232362,13.23,0.682,17.37,1,0.931,0.25
"2021-08-08 16:00:00",232363,13.22,0.681,17.41,1,0.931,0.25
"2021-08-08 16:15:00",232364,13.23,0.681,17.43,1,0.931,0.25
"2021-08-08 16:30:00",232365,13.23,0.681,17.44,1,0.93,0.25
"2021-08-08 16:45:00",232366,13.23,0.679,17.41,1,0.928,0.25
"2021-08-08 17:00:00",232367,13.22,0.678,17.38,1,0.928,0.25
"2021-08-08 17:15:00",232368,13.21,0.677,17.33,1,0.927,0.25
"2021-08-08 17:30:00",232369,13.23,0.677,17.26,1,0.927,0.25
"2021-08-08 17:45:00",232370,13.24,0.675,17.18,1,0.924,0.25
"2021-08-08 18:00:00",232371,13.25,0.675,17.08,1,0.924,0.25
"2021-08-08 18:15:00",232372,13.22,0.674,16.98,1,0.924,0.25
"2021-08-08 18:30:00",232373,13.19,0.672,16.88,1,0.921,0.25
"2021-08-08 18:45:00",232374,13.16,0.671,16.78,1,0.921,0.25
"2021-08-08 19:00:00",232375,13.14,0.671,16.68,1,0.921,0.25
"2021-08-08 19:15:00",232376,13.12,0.671,16.58,1,0.921,0.25
"2021-08-08 19:30:00",232377,13.11,0.671,16.47,1,0.92,0.25
"2021-08-08 19:45:00",232378,13.09,0.671,16.37,1,0.921,0.25
"2021-08-08 20:00:00",232379,13.07,0.669,16.29,1,0.919,0.25
"2021-08-08 20:15:00",232380,13.05,0.669,16.2,1,0.919,0.25
"2021-08-08 20:30:00",232381,13.04,0.667,16.12,1,0.917,0.25
"2021-08-08 20:45:00",232382,13.03,0.666,16.03,1,0.916,0.25
"2021-08-08 21:00:00",232383,13.01,0.666,15.93,1,0.915,0.25
"2021-08-08 21:15:00",232384,12.99,0.665,15.83,1,0.915,0.25
"2021-08-08 21:30:00",232385,12.98,0.664,15.74,1,0.914,0.25
"2021-08-08 21:45:00",232386,12.97,0.664,15.63,1,0.914,0.25
"2021-08-08 22:00:00",232387,12.96,0.664,15.53,1,0.914,0.25
"2021-08-08 22:15:00",232388,12.94,0.662,15.43,1,0.912,0.25
"2021-08-08 22:30:00",232389,12.93,0.663,15.34,1,0.913,0.25
"2021-08-08 22:45:00",232390,12.92,0.661,15.24,1,0.911,0.25
"2021-08-08 23:00:00",232391,12.9,0.662,15.15,1,0.912,0.25
"2021-08-08 23:15:00",232392,12.89,0.661,15.05,1,0.91,0.25
"2021-08-08 23:30:00",232393,12.88,0.661,14.96,1,0.91,0.25
"2021-08-08 23:45:00",232394,12.87,0.66,14.86,1,0.909,0.25
"2021-08-09 00:00:00",232395,12.86,0.661,14.77,1,0.91,0.25
"2021-08-09 00:15:00",232396,12.84,0.661,14.68,1,0.911,0.25
"2021-08-09 00:30:00",232397,12.83,0.659,14.58,1,0.909,0.25
"2021-08-09 00:45:00",232398,12.82,0.661,14.48,1,0.91,0.25
"2021-08-09 01:00:00",232399,12.81,0.66,14.38,1,0.91,0.25
"2021-08-09 01:15:00",232400,12.8,0.661,14.28,1,0.91,0.25
"2021-08-09 01:30:00",232401,12.79,0.661,14.18,1,0.911,0.25
"2021-08-09 01:45:00",232402,12.78,0.661,14.09,1,0.911,0.25
"2021-08-09 02:00:00",232403,12.77,0.661,13.99,1,0.911,0.25
"2021-08-09 02:15:00",232404,12.76,0.662,13.89,1,0.912,0.25
"2021-08-09 02:30:00",232405,12.75,0.662,13.78,1,0.912,0.25
"2021-08-09 02:45:00",232406,12.74,0.663,13.68,1,0.913,0.25
"2021-08-09 03:00:00",232407,12.73,0.664,13.58,1,0.913,0.25
"2021-08-09 03:15:00",232408,12.72,0.665,13.47,1,0.915,0.25
"2021-08-09 03:30:00",232409,12.71,0.664,13.36,1,0.914,0.25
"2021-08-09 03:45:00",232410,12.7,0.664,13.25,1,0.914,0.25
"2021-08-09 04:00:00",232411,12.68,0.666,13.15,1,0.916,0.25
"2021-08-09 04:15:00",232412,12.67,0.666,13.04,1,0.916,0.25
"2021-08-09 04:30:00",232413,12.67,0.667,12.92,1,0.917,0.25
"2021-08-09 04:45:00",232414,12.66,0.667,12.82,1,0.917,0.25
"2021-08-09 05:00:00",232415,12.65,0.668,12.72,1,0.918,0.25
"2021-08-09 05:15:00",232416,12.64,0.669,12.6,1,0.919,0.25
"2021-08-09 05:30:00",232417,12.63,0.668,12.49,1,0.917,0.25
"2021-08-09 05:45:00",232418,12.62,0.671,12.39,1,0.92,0.25
"2021-08-09 06:00:00",232419,12.61,0.669,12.28,1,0.919,0.25
"2021-08-09 06:15:00",232420,12.61,0.671,12.17,1,0.92,0.25
"2021-08-09 06:30:00",232421,12.6,0.671,12.07,1,0.92,0.25
"2021-08-09 06:45:00",232422,12.59,0.672,11.97,1,0.921,0.25
"2021-08-09 07:00:00",232423,12.58,0.672,11.88,1,0.922,0.25
"2021-08-09 07:15:00",232424,12.57,0.67,11.79,1,0.92,0.25
"2021-08-09 07:30:00",232425,12.57,0.671,11.71,1,0.921,0.25
"2021-08-09 07:45:00",232426,12.58,0.672,11.63,1,0.922,0.25
"2021-08-09 08:00:00",232427,12.62,0.672,11.57,1,0.921,0.25
"2021-08-09 08:15:00",232428,12.69,0.672,11.53,1,0.922,0.25
"2021-08-09 08:30:00",232429,12.77,0.672,11.53,1,0.921,0.25
"2021-08-09 08:45:00",232430,12.88,0.673,11.55,1,0.923,0.25
"2021-08-09 09:00:00",232431,13.06,0.673,11.6,1,0.923,0.25
"2021-08-09 09:15:00",232432,13.28,0.674,11.7,1,0.924,0.25
"2021-08-09 09:30:00",232433,13.46,0.674,11.84,1,0.924,0.25
"2021-08-09 09:45:00",232434,13.42,0.673,12.08,1,0.923,0.25
"2021-08-09 10:00:00",232435,13.41,0.675,12.4,1,0.924,0.25
"2021-08-09 10:15:00",232436,13.4,0.674,12.62,1,0.923,0.25
"2021-08-09 10:30:00",232437,13.39,0.674,12.86,1,0.924,0.25
"2021-08-09 10:45:00",232438,13.38,0.674,13.12,1,0.924,0.25
"2021-08-09 11:00:00",232439,13.36,0.675,13.41,1,0.924,0.25
"2021-08-09 11:15:00",232440,13.35,0.676,13.67,1,0.926,0.25
"2021-08-09 11:30:00",232441,13.35,0.676,13.93,1,0.925,0.25
"2021-08-09 11:45:00",232442,13.34,0.675,14.21,1,0.925,0.25
"2021-08-09 12:00:00",232443,13.33,0.674,14.55,1,0.924,0.25
"2021-08-09 12:15:00",232444,13.33,0.677,14.86,1,0.927,0.25
"2021-08-09 12:30:00",232445,13.31,0.679,15.18,1,0.928,0.25
"2021-08-09 12:45:00",232446,13.3,0.678,15.49,1,0.928,0.25
"2021-08-09 13:00:00",232447,13.28,0.678,15.79,1,0.928,0.25
"2021-08-09 13:15:00",232448,13.27,0.677,16.08,1,0.927,0.25
"2021-08-09 13:30:00",232449,13.27,0.677,16.33,1,0.927,0.25
"2021-08-09 13:45:00",232450,13.27,0.678,16.56,1,0.927,0.25
"2021-08-09 14:00:00",232451,13.26,0.675,16.8,1,0.925,0.25
"2021-08-09 14:15:00",232452,13.26,0.677,17.02,1,0.927,0.25
"2021-08-09 14:30:00",232453,13.24,0.677,17.2,1,0.927,0.25
"2021-08-09 14:45:00",232454,13.24,0.677,17.36,1,0.926,0.25
"2021-08-09 15:00:00",232455,13.23,0.676,17.52,1,0.925,0.25
"2021-08-09 15:15:00",232456,13.22,0.676,17.63,1,0.926,0.25
"2021-08-09 15:30:00",232457,13.22,0.677,17.72,1,0.926,0.25
"2021-08-09 15:45:00",232458,13.22,0.674,17.78,1,0.924,0.25
"2021-08-09 16:00:00",232459,13.21,0.674,17.81,1,0.924,0.25
"2021-08-09 16:15:00",232460,13.22,0.674,17.82,1,0.924,0.25
"2021-08-09 16:30:00",232461,13.22,0.674,17.81,1,0.924,0.25
"2021-08-09 16:45:00",232462,13.22,0.672,17.78,1,0.921,0.25
"2021-08-09 17:00:00",232463,13.21,0.671,17.73,1,0.92,0.25
"2021-08-09 17:15:00",232464,13.2,0.67,17.67,1,0.919,0.25
"2021-08-09 17:30:00",232465,13.22,0.67,17.6,1,0.92,0.25
"2021-08-09 17:45:00",232466,13.23,0.669,17.51,1,0.918,0.25
"2021-08-09 18:00:00",232467,13.24,0.667,17.42,1,0.917,0.25
"2021-08-09 18:15:00",232468,13.22,0.665,17.32,1,0.915,0.25
"2021-08-09 18:30:00",232469,13.18,0.665,17.22,1,0.914,0.25
"2021-08-09 18:45:00",232470,13.16,0.665,17.12,1,0.914,0.25
"2021-08-09 19:00:00",232471,13.14,0.663,17.02,1,0.913,0.25
"2021-08-09 19:15:00",232472,13.11,0.662,16.93,1,0.912,0.25
"2021-08-09 19:30:00",232473,13.1,0.661,16.84,1,0.911,0.25
"2021-08-09 19:45:00",232474,13.08,0.66,16.76,1,0.91,0.25
"2021-08-09 20:00:00",232475,13.06,0.659,16.68,1,0.909,0.25
"2021-08-09 20:15:00",232476,13.05,0.658,16.6,1,0.907,0.25
"2021-08-09 20:30:00",232477,13.04,0.656,16.52,1,0.905,0.25
"2021-08-09 20:45:00",232478,13.01,0.654,16.44,1,0.904,0.25
"2021-08-09 21:00:00",232479,13,0.654,16.35,1,0.903,0.25
"2021-08-09 21:15:00",232480,12.98,0.654,16.26,1,0.903,0.25
"2021-08-09 21:30:00",232481,12.97,0.652,16.17,1,0.902,0.25
"2021-08-09 21:45:00",232482,12.96,0.652,16.08,1,0.902,0.25
"2021-08-09 22:00:00",232483,12.95,0.652,15.98,1,0.901,0.25
"2021-08-09 22:15:00",232484,12.93,0.651,15.89,1,0.901,0.25
"2021-08-09 22:30:00",232485,12.93,0.651,15.8,1,0.9,0.25
"2021-08-09 22:45:00",232486,12.91,0.651,15.71,1,0.9,0.25
"2021-08-09 23:00:00",232487,12.9,0.649,15.63,1,0.899,0.25
"2021-08-09 23:15:00",232488,12.88,0.65,15.54,1,0.9,0.25
"2021-08-09 23:30:00",232489,12.88,0.649,15.46,1,0.899,0.25
"2021-08-09 23:45:00",232490,12.86,0.65,15.37,1,0.899,0.25
"2021-08-10 00:00:00",232491,12.85,0.651,15.29,1,0.901,0.25
"2021-08-10 00:15:00",232492,12.84,0.652,15.21,1,0.901,0.25
"2021-08-10 00:30:00",232493,12.83,0.651,15.11,1,0.901,0.25
"2021-08-10 00:45:00",232494,12.82,0.651,15.03,1,0.901,0.25
"2021-08-10 01:00:00",232495,12.81,0.652,14.94,1,0.901,0.25
"2021-08-10 01:15:00",232496,12.8,0.652,14.85,1,0.902,0.25
"2021-08-10 01:30:00",232497,12.78,0.652,14.76,1,0.902,0.25
"2021-08-10 01:45:00",232498,12.77,0.652,14.67,1,0.902,0.25
"2021-08-10 02:00:00",232499,12.76,0.653,14.58,1,0.903,0.25
"2021-08-10 02:15:00",232500,12.75,0.653,14.49,1,0.902,0.25
"2021-08-10 02:30:00",232501,12.74,0.654,14.4,1,0.904,0.25
"2021-08-10 02:45:00",232502,12.73,0.654,14.31,1,0.903,0.25
"2021-08-10 03:00:00",232503,12.72,0.654,14.21,1,0.903,0.25
"2021-08-10 03:15:00",232504,12.71,0.653,14.12,1,0.903,0.25
"2021-08-10 03:30:00",232505,12.7,0.655,14.02,1,0.905,0.25
"2021-08-10 03:45:00",232506,12.69,0.655,13.92,1,0.905,0.25
"2021-08-10 04:00:00",232507,12.68,0.656,13.82,1,0.906,0.25
"2021-08-10 04:15:00",232508,12.67,0.657,13.72,1,0.907,0.25
"2021-08-10 04:30:00",232509,12.66,0.658,13.62,1,0.908,0.25
"2021-08-10 04:45:00",232510,12.65,0.657,13.52,1,0.907,0.25
"2021-08-10 05:00:00",232511,12.64,0.659,13.43,1,0.908,0.25
"2021-08-10 05:15:00",232512,12.64,0.659,13.33,1,0.909,0.25
"2021-08-10 05:30:00",232513,12.62,0.66,13.23,1,0.91,0.25
"2021-08-10 05:45:00",232514,12.62,0.66,13.14,1,0.909,0.25
"2021-08-10 06:00:00",232515,12.61,0.66,13.03,1,0.91,0.25
"2021-08-10 06:15:00",232516,12.6,0.662,12.94,1,0.912,0.25
"2021-08-10 06:30:00",232517,12.59,0.662,12.84,1,0.911,0.25
"2021-08-10 06:45:00",232518,12.59,0.663,12.75,1,0.913,0.25
"2021-08-10 07:00:00",232519,12.58,0.664,12.65,1,0.913,0.25
"2021-08-10 07:15:00",232520,12.57,0.663,12.56,1,0.913,0.25
"2021-08-10 07:30:00",232521,12.56,0.663,12.49,1,0.912,0.25
"2021-08-10 07:45:00",232522,12.58,0.665,12.42,1,0.914,0.25
"2021-08-10 08:00:00",232523,12.62,0.663,12.36,1,0.913,0.25
"2021-08-10 08:15:00",232524,12.69,0.664,12.33,1,0.913,0.25
"2021-08-10 08:30:00",232525,12.78,0.665,12.32,1,0.915,0.25
"2021-08-10 08:45:00",232526,12.9,0.665,12.34,1,0.914,0.25
"2021-08-10 09:00:00",232527,13.09,0.664,12.38,1,0.914,0.25
"2021-08-10 09:15:00",232528,13.32,0.666,12.47,1,0.915,0.25
"2021-08-10 09:30:00",232529,13.44,0.665,12.63,1,0.915,0.25
"2021-08-10 09:45:00",232530,13.41,0.667,12.86,1,0.917,0.25
"2021-08-10 10:00:00",232531,13.39,0.666,13.15,1,0.916,0.25
"2021-08-10 10:15:00",232532,13.38,0.665,13.35,1,0.915,0.25
"2021-08-10 10:30:00",232533,13.36,0.666,13.58,1,0.916,0.25
"2021-08-10 10:45:00",232534,13.35,0.667,13.83,1,0.916,0.25
"2021-08-10 11:00:00",232535,13.34,0.665,14.08,1,0.915,0.25
"2021-08-10 11:15:00",232536,13.34,0.664,14.32,1,0.914,0.25
"2021-08-10 11:30:00",232537,13.33,0.665,14.56,1,0.915,0.25
"2021-08-10 11:45:00",232538,13.32,0.666,14.82,1,0.916,0.25
"2021-08-10 12:00:00",232539,13.31,0.664,15.11,1,0.914,0.25
"2021-08-10 12:15:00",232540,13.3,0.664,15.41,1,0.914,0.25
"2021-08-10 12:30:00",232541,13.29,0.666,15.71,1,0.915,0.25
"2021-08-10 12:45:00",232542,13.28,0.665,15.99,1,0.915,0.25
"2021-08-10 13:00:00",232543,13.27,0.663,16.29,1,0.912,0.25
"2021-08-10 13:15:00",232544,13.26,0.664,16.59,1,0.914,0.25
"2021-08-10 13:30:00",232545,13.25,0.664,16.84,1,0.914,0.25
"2021-08-10 13:45:00",232546,13.24,0.663,17.08,1,0.913,0.25
"2021-08-10 14:00:00",232547,13.24,0.663,17.31,1,0.913,0.25
"2021-08-10 14:15:00",232548,13.24,0.663,17.49,1,0.913,0.25
"2021-08-10 14:30:00",232549,13.23,0.663,17.62,1,0.912,0.25
"2021-08-10 14:45:00",232550,13.23,0.662,17.67,1,0.912,0.25
"2021-08-10 15:00:00",232551,13.22,0.663,17.7,1,0.913,0.25
"2021-08-10 15:15:00",232552,13.22,0.662,17.7,1,0.911,0.25
"2021-08-10 15:30:00",232553,13.22,0.663,17.76,1,0.913,0.25
"2021-08-10 15:45:00",232554,13.21,0.662,17.8,1,0.912,0.25
"2021-08-10 16:00:00",232555,13.2,0.663,17.78,1,0.912,0.25
"2021-08-10 16:15:00",232556,13.2,0.664,17.78,1,0.914,0.25
"2021-08-10 16:30:00",232557,13.21,0.662,17.77,1,0.912,0.25
"2021-08-10 16:45:00",232558,13.21,0.66,17.77,1,0.91,0.25
"2021-08-10 17:00:00",232559,13.2,0.659,17.76,1,0.909,0.25
"2021-08-10 17:15:00",232560,13.2,0.658,17.73,1,0.908,0.25
"2021-08-10 17:30:00",232561,13.21,0.658,17.67,1,0.907,0.25
"2021-08-10 17:45:00",232562,13.22,0.658,17.61,1,0.907,0.25
"2021-08-10 18:00:00",232563,13.24,0.656,17.55,1,0.906,0.25
"2021-08-10 18:15:00",232564,13.22,0.655,17.46,1,0.905,0.25
"2021-08-10 18:30:00",232565,13.18,0.654,17.37,1,0.904,0.25
"2021-08-10 18:45:00",232566,13.16,0.653,17.26,1,0.903,0.25
"2021-08-10 19:00:00",232567,13.13,0.653,17.16,1,0.902,0.25
"2021-08-10 19:15:00",232568,13.11,0.651,17.05,1,0.901,0.25
"2021-08-10 19:30:00",232569,13.09,0.651,16.94,1,0.901,0.25
"2021-08-10 19:45:00",232570,13.08,0.65,16.83,1,0.899,0.25
"2021-08-10 20:00:00",232571,13.06,0.649,16.72,1,0.899,0.25
"2021-08-10 20:15:00",232572,13.04,0.648,16.62,1,0.898,0.25
"2021-08-10 20:30:00",232573,13.03,0.648,16.53,1,0.898,0.25
"2021-08-10 20:45:00",232574,13.01,0.647,16.43,1,0.896,0.25
"2021-08-10 21:00:00",232575,13,0.646,16.32,1,0.896,0.25
"2021-08-10 21:15:00",232576,12.98,0.644,16.22,1,0.894,0.25
"2021-08-10 21:30:00",232577,12.97,0.644,16.11,1,0.894,0.25
"2021-08-10 21:45:00",232578,12.96,0.644,16,1,0.894,0.25
"2021-08-10 22:00:00",232579,12.94,0.643,15.89,1,0.893,0.25
"2021-08-10 22:15:00",232580,12.94,0.642,15.78,1,0.892,0.25
"2021-08-10 22:30:00",232581,12.92,0.642,15.68,1,0.891,0.25
"2021-08-10 22:45:00",232582,12.9,0.641,15.57,1,0.891,0.25
"2021-08-10 23:00:00",232583,12.9,0.641,15.47,1,0.89,0.25
"2021-08-10 23:15:00",232584,12.88,0.641,15.38,1,0.89,0.25
"2021-08-10 23:30:00",232585,12.87,0.64,15.29,1,0.89,0.25
"2021-08-10 23:45:00",232586,12.86,0.64,15.21,1,0.89,0.25
"2021-08-11 00:00:00",232587,12.84,0.64,15.12,1,0.889,0.25
"2021-08-11 00:15:00",232588,12.83,0.64,15.03,1,0.889,0.25
"2021-08-11 00:30:00",232589,12.82,0.64,14.95,1,0.89,0.25
"2021-08-11 00:45:00",232590,12.81,0.64,14.86,1,0.889,0.25
"2021-08-11 01:00:00",232591,12.8,0.64,14.77,1,0.889,0.25
"2021-08-11 01:15:00",232592,12.79,0.64,14.67,1,0.889,0.25
"2021-08-11 01:30:00",232593,12.78,0.639,14.59,1,0.889,0.25
"2021-08-11 01:45:00",232594,12.77,0.639,14.5,1,0.888,0.25
"2021-08-11 02:00:00",232595,12.76,0.638,14.41,1,0.888,0.25
"2021-08-11 02:15:00",232596,12.75,0.639,14.32,1,0.889,0.25
"2021-08-11 02:30:00",232597,12.74,0.64,14.24,1,0.89,0.25
"2021-08-11 02:45:00",232598,12.73,0.641,14.15,1,0.89,0.25
"2021-08-11 03:00:00",232599,12.72,0.64,14.06,1,0.89,0.25
"2021-08-11 03:15:00",232600,12.71,0.642,13.98,1,0.891,0.25
"2021-08-11 03:30:00",232601,12.7,0.642,13.89,1,0.892,0.25
"2021-08-11 03:45:00",232602,12.69,0.643,13.79,1,0.893,0.25
"2021-08-11 04:00:00",232603,12.68,0.643,13.7,1,0.893,0.25
"2021-08-11 04:15:00",232604,12.67,0.644,13.61,1,0.894,0.25
"2021-08-11 04:30:00",232605,12.66,0.645,13.52,1,0.894,0.25
"2021-08-11 04:45:00",232606,12.65,0.647,13.43,1,0.896,0.25
"2021-08-11 05:00:00",232607,12.64,0.648,13.34,1,0.897,0.25
"2021-08-11 05:15:00",232608,12.63,0.649,13.25,1,0.899,0.25
"2021-08-11 05:30:00",232609,12.62,0.649,13.15,1,0.899,0.25
"2021-08-11 05:45:00",232610,12.61,0.65,13.06,1,0.9,0.25
"2021-08-11 06:00:00",232611,12.61,0.651,12.96,1,0.9,0.25
"2021-08-11 06:15:00",232612,12.6,0.651,12.87,1,0.901,0.25
"2021-08-11 06:30:00",232613,12.59,0.653,12.77,1,0.902,0.25
"2021-08-11 06:45:00",232614,12.58,0.653,12.68,1,0.902,0.25
"2021-08-11 07:00:00",232615,12.58,0.652,12.6,1,0.902,0.25
"2021-08-11 07:15:00",232616,12.57,0.653,12.52,1,0.903,0.25
"2021-08-11 07:30:00",232617,12.56,0.653,12.46,1,0.903,0.25
"2021-08-11 07:45:00",232618,12.59,0.654,12.4,1,0.904,0.25
"2021-08-11 08:00:00",232619,12.64,0.655,12.36,1,0.904,0.25
"2021-08-11 08:15:00",232620,12.71,0.655,12.33,1,0.905,0.25
"2021-08-11 08:30:00",232621,12.82,0.656,12.33,1,0.906,0.25
"2021-08-11 08:45:00",232622,12.96,0.657,12.34,1,0.906,0.25
"2021-08-11 09:00:00",232623,13.16,0.655,12.39,1,0.905,0.25
"2021-08-11 09:15:00",232624,13.47,0.656,12.47,1,0.906,0.25
"2021-08-11 09:30:00",232625,13.44,0.656,12.61,1,0.905,0.25
"2021-08-11 09:45:00",232626,13.41,0.658,12.83,1,0.907,0.25
"2021-08-11 10:00:00",232627,13.39,0.656,13.11,1,0.906,0.25
"2021-08-11 10:15:00",232628,13.38,0.658,13.31,1,0.908,0.25
"2021-08-11 10:30:00",232629,13.36,0.658,13.53,1,0.908,0.25
"2021-08-11 10:45:00",232630,13.35,0.658,13.78,1,0.908,0.25
"2021-08-11 11:00:00",232631,13.33,0.659,14.04,1,0.908,0.25
"2021-08-11 11:15:00",232632,13.32,0.656,14.26,1,0.906,0.25
"2021-08-11 11:30:00",232633,13.32,0.656,14.5,1,0.906,0.25
"2021-08-11 11:45:00",232634,13.31,0.655,14.76,1,0.905,0.25
"2021-08-11 12:00:00",232635,13.29,0.658,15.06,1,0.907,0.25
"2021-08-11 12:15:00",232636,13.28,0.657,15.35,1,0.907,0.25
"2021-08-11 12:30:00",232637,13.28,0.657,15.64,1,0.907,0.25
"2021-08-11 12:45:00",232638,13.27,0.656,15.86,1,0.906,0.25
"2021-08-11 13:00:00",232639,13.26,0.657,16.11,1,0.907,0.25
"2021-08-11 13:15:00",232640,13.24,0.655,16.4,1,0.905,0.25
"2021-08-11 13:30:00",232641,13.24,0.655,16.64,1,0.905,0.25
"2021-08-11 13:45:00",232642,13.23,0.656,16.83,1,0.905,0.25
"2021-08-11 14:00:00",232643,13.23,0.655,16.91,1,0.905,0.25
"2021-08-11 14:15:00",232644,13.24,0.655,16.9,1,0.905,0.25
"2021-08-11 14:30:00",232645,13.23,0.654,16.95,1,0.904,0.25
"2021-08-11 14:45:00",232646,13.22,0.652,17.07,1,0.902,0.25
"2021-08-11 15:00:00",232647,13.21,0.654,17.17,1,0.904,0.25
"2021-08-11 15:15:00",232648,13.22,0.653,17.13,1,0.903,0.25
"2021-08-11 15:30:00",232649,13.23,0.653,16.97,1,0.902,0.25
"2021-08-11 15:45:00",232650,13.23,0.652,16.84,1,0.902,0.25
"2021-08-11 16:00:00",232651,13.24,0.653,16.78,1,0.903,0.25
"2021-08-11 16:15:00",232652,13.23,0.651,16.72,1,0.901,0.25
"2021-08-11 16:30:00",232653,13.23,0.652,16.67,1,0.902,0.25
"2021-08-11 16:45:00",232654,13.23,0.65,16.62,1,0.9,0.25
"2021-08-11 17:00:00",232655,13.23,0.65,16.57,1,0.9,0.25
"2021-08-11 17:15:00",232656,13.23,0.649,16.53,1,0.899,0.25
"2021-08-11 17:30:00",232657,13.24,0.651,16.49,1,0.901,0.25
"2021-08-11 17:45:00",232658,13.24,0.65,16.45,1,0.9,0.25
"2021-08-11 18:00:00",232659,13.24,0.649,16.41,1,0.898,0.25
"2021-08-11 18:15:00",232660,13.21,0.648,16.38,1,0.897,0.25
"2021-08-11 18:30:00",232661,13.18,0.647,16.33,1,0.897,0.25
"2021-08-11 18:45:00",232662,13.16,0.646,16.29,1,0.895,0.25
"2021-08-11 19:00:00",232663,13.14,0.645,16.25,1,0.895,0.25
"2021-08-11 19:15:00",232664,13.12,0.643,16.2,1,0.893,0.25
"2021-08-11 19:30:00",232665,13.1,0.644,16.16,1,0.894,0.25
"2021-08-11 19:45:00",232666,13.08,0.643,16.1,1,0.893,0.25
"2021-08-11 20:00:00",232667,13.07,0.641,16.03,1,0.891,0.25
"2021-08-11 20:15:00",232668,13.05,0.641,15.96,1,0.891,0.25
"2021-08-11 20:30:00",232669,13.03,0.639,15.89,1,0.889,0.25
"2021-08-11 20:45:00",232670,13.01,0.639,15.81,1,0.889,0.25
"2021-08-11 21:00:00",232671,13,0.638,15.73,1,0.887,0.25
"2021-08-11 21:15:00",232672,12.99,0.637,15.63,1,0.887,0.25
"2021-08-11 21:30:00",232673,12.97,0.637,15.54,1,0.886,0.25
"2021-08-11 21:45:00",232674,12.96,0.636,15.45,1,0.886,0.25
"2021-08-11 22:00:00",232675,12.95,0.635,15.35,1,0.885,0.25
"2021-08-11 22:15:00",232676,12.93,0.635,15.26,1,0.885,0.25
"2021-08-11 22:30:00",232677,12.92,0.635,15.17,1,0.885,0.25
"2021-08-11 22:45:00",232678,12.91,0.634,15.08,1,0.883,0.25
"2021-08-11 23:00:00",232679,12.9,0.634,14.99,1,0.883,0.25
"2021-08-11 23:15:00",232680,12.89,0.633,14.92,1,0.882,0.25
"2021-08-11 23:30:00",232681,12.88,0.632,14.84,1,0.882,0.25
"2021-08-11 23:45:00",232682,12.86,0.632,14.76,1,0.882,0.25
"2021-08-12 00:00:00",232683,12.85,0.633,14.68,1,0.882,0.25
"2021-08-12 00:15:00",232684,12.84,0.632,14.6,1,0.882,0.25
"2021-08-12 00:30:00",232685,12.83,0.633,14.52,1,0.883,0.25
"2021-08-12 00:45:00",232686,12.82,0.633,14.44,1,0.883,0.25
"2021-08-12 01:00:00",232687,12.81,0.634,14.36,1,0.883,0.25
"2021-08-12 01:15:00",232688,12.79,0.634,14.27,1,0.883,0.25
"2021-08-12 01:30:00",232689,12.78,0.635,14.19,1,0.884,0.25
"2021-08-12 01:45:00",232690,12.77,0.634,14.11,1,0.883,0.25
"2021-08-12 02:00:00",232691,12.76,0.635,14.03,1,0.884,0.25
"2021-08-12 02:15:00",232692,12.75,0.636,13.94,1,0.886,0.25
"2021-08-12 02:30:00",232693,12.74,0.636,13.86,1,0.886,0.25
"2021-08-12 02:45:00",232694,12.73,0.638,13.77,1,0.887,0.25
"2021-08-12 03:00:00",232695,12.72,0.638,13.69,1,0.888,0.25
"2021-08-12 03:15:00",232696,12.71,0.638,13.6,1,0.888,0.25
"2021-08-12 03:30:00",232697,12.7,0.638,13.51,1,0.888,0.25
"2021-08-12 03:45:00",232698,12.69,0.639,13.43,1,0.889,0.25
"2021-08-12 04:00:00",232699,12.68,0.641,13.34,1,0.891,0.25
"2021-08-12 04:15:00",232700,12.67,0.642,13.25,1,0.892,0.25
"2021-08-12 04:30:00",232701,12.66,0.642,13.16,1,0.891,0.25
"2021-08-12 04:45:00",232702,12.65,0.642,13.08,1,0.892,0.25
"2021-08-12 05:00:00",232703,12.64,0.642,12.99,1,0.892,0.25
"2021-08-12 05:15:00",232704,12.64,0.642,12.9,1,0.892,0.25
"2021-08-12 05:30:00",232705,12.62,0.643,12.82,1,0.893,0.25
"2021-08-12 05:45:00",232706,12.62,0.644,12.73,1,0.894,0.25
"2021-08-12 06:00:00",232707,12.61,0.644,12.65,1,0.893,0.25
"2021-08-12 06:15:00",232708,12.6,0.645,12.57,1,0.895,0.25
"2021-08-12 06:30:00",232709,12.59,0.646,12.48,1,0.896,0.25
"2021-08-12 06:45:00",232710,12.59,0.646,12.41,1,0.895,0.25
"2021-08-12 07:00:00",232711,12.58,0.646,12.33,1,0.896,0.25
"2021-08-12 07:15:00",232712,12.57,0.645,12.26,1,0.895,0.25
"2021-08-12 07:30:00",232713,12.56,0.644,12.19,1,0.894,0.25
"2021-08-12 07:45:00",232714,12.59,0.645,12.13,1,0.894,0.25
"2021-08-12 08:00:00",232715,12.64,0.645,12.08,1,0.895,0.25
"2021-08-12 08:15:00",232716,12.72,0.645,12.06,1,0.895,0.25
"2021-08-12 08:30:00",232717,12.82,0.646,12.05,1,0.895,0.25
"2021-08-12 08:45:00",232718,12.96,0.647,12.07,1,0.896,0.25
"2021-08-12 09:00:00",232719,13.16,0.647,12.11,1,0.896,0.25
"2021-08-12 09:15:00",232720,13.45,0.647,12.19,1,0.897,0.25
"2021-08-12 09:30:00",232721,13.45,0.647,12.31,1,0.896,0.25
"2021-08-12 09:45:00",232722,13.42,0.648,12.52,1,0.898,0.25
"2021-08-12 10:00:00",232723,13.41,0.648,12.8,1,0.897,0.25
"2021-08-12 10:15:00",232724,13.39,0.649,13.02,1,0.898,0.25
"2021-08-12 10:30:00",232725,13.37,0.648,13.26,1,0.898,0.25
"2021-08-12 10:45:00",232726,13.35,0.648,13.54,1,0.898,0.25
"2021-08-12 11:00:00",232727,13.34,0.648,13.82,1,0.898,0.25
"2021-08-12 11:15:00",232728,13.33,0.649,14.06,1,0.899,0.25
"2021-08-12 11:30:00",232729,13.32,0.649,14.32,1,0.898,0.25
"2021-08-12 11:45:00",232730,13.31,0.65,14.61,1,0.9,0.25
"2021-08-12 12:00:00",232731,13.29,0.652,14.91,1,0.902,0.25
"2021-08-12 12:15:00",232732,13.28,0.651,15.24,1,0.901,0.25
"2021-08-12 12:30:00",232733,13.27,0.65,15.57,1,0.9,0.25
"2021-08-12 12:45:00",232734,13.26,0.65,15.88,1,0.9,0.25
