"TOA5","DanaFk._297","CR800","15297","CR800.Std.11","CPU:DanaFk_downloaded_20210707.cr8","13686","T15min"
"TIMESTAMP","RECORD","BattV","Lvl_ft","Temp_C","Observed","Lvl_ft_corr","Offset"
"TS","RN","Volts","feet","deg C","","feet",""
"","","Smp","Smp","Smp","Smp","Smp","Smp"
"2021-09-01 17:00:00",234671,13.2,0.515,15.77,1,0.764,0.25
"2021-09-01 17:15:00",234672,13.19,0.518,15.75,1,0.767,0.25
"2021-09-01 17:30:00",234673,13.17,0.514,15.8,1,0.764,0.25
"2021-09-01 17:45:00",234674,13.15,0.514,15.81,1,0.764,0.25
"2021-09-01 18:00:00",234675,13.13,0.514,15.77,1,0.764,0.25
"2021-09-01 18:15:00",234676,13.11,0.515,15.73,1,0.764,0.25
"2021-09-01 18:30:00",234677,13.1,0.514,15.66,1,0.764,0.25
"2021-09-01 18:45:00",234678,13.08,0.513,15.55,1,0.763,0.25
"2021-09-01 19:00:00",234679,13.07,0.514,15.48,1,0.764,0.25
"2021-09-01 19:15:00",234680,13.05,0.515,15.39,1,0.765,0.25
"2021-09-01 19:30:00",234681,13.03,0.518,15.27,1,0.768,0.25
"2021-09-01 19:45:00",234682,13.02,0.518,15.11,1,0.768,0.25
"2021-09-01 20:00:00",234683,13.01,0.519,14.93,1,0.769,0.25
"2021-09-01 20:15:00",234684,12.99,0.519,14.74,1,0.769,0.25
"2021-09-01 20:30:00",234685,12.98,0.52,14.56,1,0.77,0.25
"2021-09-01 20:45:00",234686,12.96,0.519,14.36,1,0.769,0.25
"2021-09-01 21:00:00",234687,12.95,0.519,14.17,1,0.768,0.25
"2021-09-01 21:15:00",234688,12.94,0.519,13.98,1,0.768,0.25
"2021-09-01 21:30:00",234689,12.93,0.518,13.78,1,0.768,0.25
"2021-09-01 21:45:00",234690,12.92,0.517,13.58,1,0.767,0.25
"2021-09-01 22:00:00",234691,12.91,0.517,13.37,1,0.767,0.25
"2021-09-01 22:15:00",234692,12.89,0.517,13.19,1,0.766,0.25
"2021-09-01 22:30:00",234693,12.88,0.516,12.99,1,0.766,0.25
"2021-09-01 22:45:00",234694,12.87,0.516,12.8,1,0.765,0.25
"2021-09-01 23:00:00",234695,12.86,0.515,12.62,1,0.765,0.25
"2021-09-01 23:15:00",234696,12.85,0.515,12.44,1,0.764,0.25
"2021-09-01 23:30:00",234697,12.84,0.514,12.27,1,0.764,0.25
"2021-09-01 23:45:00",234698,12.82,0.514,12.09,1,0.764,0.25
"2021-09-02 00:00:00",234699,12.81,0.513,11.93,1,0.763,0.25
"2021-09-02 00:15:00",234700,12.8,0.512,11.74,1,0.762,0.25
"2021-09-02 00:30:00",234701,12.79,0.512,11.57,1,0.762,0.25
"2021-09-02 00:45:00",234702,12.78,0.511,11.4,1,0.761,0.25
"2021-09-02 01:00:00",234703,12.77,0.512,11.25,1,0.761,0.25
"2021-09-02 01:15:00",234704,12.75,0.511,11.09,1,0.76,0.25
"2021-09-02 01:30:00",234705,12.74,0.509,10.92,1,0.759,0.25
"2021-09-02 01:45:00",234706,12.73,0.509,10.76,1,0.759,0.25
"2021-09-02 02:00:00",234707,12.72,0.508,10.6,1,0.758,0.25
"2021-09-02 02:15:00",234708,12.71,0.507,10.44,1,0.757,0.25
"2021-09-02 02:30:00",234709,12.7,0.508,10.31,1,0.757,0.25
"2021-09-02 02:45:00",234710,12.69,0.507,10.16,1,0.756,0.25
"2021-09-02 03:00:00",234711,12.68,0.506,10.01,1,0.756,0.25
"2021-09-02 03:15:00",234712,12.67,0.505,9.87,1,0.755,0.25
"2021-09-02 03:30:00",234713,12.66,0.504,9.74,1,0.753,0.25
"2021-09-02 03:45:00",234714,12.65,0.504,9.61,1,0.754,0.25
"2021-09-02 04:00:00",234715,12.64,0.504,9.47,1,0.753,0.25
"2021-09-02 04:15:00",234716,12.63,0.503,9.35,1,0.753,0.25
"2021-09-02 04:30:00",234717,12.62,0.502,9.24,1,0.751,0.25
"2021-09-02 04:45:00",234718,12.61,0.501,9.12,1,0.75,0.25
"2021-09-02 05:00:00",234719,12.6,0.498,8.99,1,0.748,0.25
"2021-09-02 05:15:00",234720,12.59,0.497,8.88,1,0.746,0.25
"2021-09-02 05:30:00",234721,12.58,0.495,8.77,1,0.745,0.25
"2021-09-02 05:45:00",234722,12.57,0.494,8.66,1,0.744,0.25
"2021-09-02 06:00:00",234723,12.56,0.494,8.56,1,0.744,0.25
"2021-09-02 06:15:00",234724,12.56,0.495,8.46,1,0.744,0.25
"2021-09-02 06:30:00",234725,12.55,0.494,8.35,1,0.744,0.25
"2021-09-02 06:45:00",234726,12.54,0.493,8.25,1,0.743,0.25
"2021-09-02 07:00:00",234727,12.53,0.494,8.16,1,0.743,0.25
"2021-09-02 07:15:00",234728,12.52,0.494,8.06,1,0.744,0.25
"2021-09-02 07:30:00",234729,12.52,0.493,7.98,1,0.743,0.25
"2021-09-02 07:45:00",234730,12.51,0.493,7.897,1,0.743,0.25
"2021-09-02 08:00:00",234731,12.5,0.494,7.831,1,0.744,0.25
"2021-09-02 08:15:00",234732,12.5,0.497,7.767,1,0.747,0.25
"2021-09-02 08:30:00",234733,12.49,0.499,7.737,1,0.749,0.25
"2021-09-02 08:45:00",234734,12.49,0.5,7.716,1,0.75,0.25
"2021-09-02 09:00:00",234735,12.49,0.5,7.687,1,0.75,0.25
"2021-09-02 09:15:00",234736,12.48,0.501,7.686,1,0.75,0.25
"2021-09-02 09:30:00",234737,12.65,0.502,7.846,1,0.752,0.25
"2021-09-02 09:45:00",234738,13.61,0.503,8.21,1,0.752,0.25
"2021-09-02 10:00:00",234739,13.3,0.503,8.47,1,0.753,0.25
"2021-09-02 10:15:00",234740,13.45,0.504,8.65,1,0.754,0.25
"2021-09-02 10:30:00",234741,13.53,0.504,8.76,1,0.754,0.25
"2021-09-02 10:45:00",234742,13.52,0.505,8.81,1,0.755,0.25
"2021-09-02 11:00:00",234743,13.51,0.505,8.96,1,0.755,0.25
"2021-09-02 11:15:00",234744,13.49,0.506,9.15,1,0.756,0.25
"2021-09-02 11:30:00",234745,13.47,0.508,9.4,1,0.758,0.25
"2021-09-02 11:45:00",234746,13.46,0.506,9.58,1,0.756,0.25
"2021-09-02 12:00:00",234747,13.44,0.508,9.87,1,0.758,0.25
"2021-09-02 12:15:00",234748,13.41,0.509,10.16,1,0.758,0.25
"2021-09-02 12:30:00",234749,13.39,0.511,10.46,1,0.761,0.25
"2021-09-02 12:45:00",234750,13.38,0.511,10.71,1,0.761,0.25
"2021-09-02 13:00:00",234751,13.37,0.512,11.05,1,0.761,0.25
"2021-09-02 13:15:00",234752,13.35,0.514,11.4,1,0.763,0.25
"2021-09-02 13:30:00",234753,13.35,0.514,11.81,1,0.763,0.25
"2021-09-02 13:45:00",234754,13.35,0.512,12.14,1,0.762,0.25
"2021-09-02 14:00:00",234755,13.35,0.513,12.55,1,0.763,0.25
"2021-09-02 14:15:00",234756,13.34,0.514,12.89,1,0.763,0.25
"2021-09-02 14:30:00",234757,13.33,0.518,13.17,1,0.767,0.25
"2021-09-02 14:45:00",234758,13.31,0.514,13.39,1,0.763,0.25
"2021-09-02 15:00:00",234759,13.29,0.514,13.59,1,0.763,0.25
"2021-09-02 15:15:00",234760,13.27,0.512,13.81,1,0.761,0.25
"2021-09-02 15:30:00",234761,13.25,0.512,14,1,0.761,0.25
"2021-09-02 15:45:00",234762,13.26,0.512,14.15,1,0.761,0.25
"2021-09-02 16:00:00",234763,13.27,0.512,14.34,1,0.762,0.25
"2021-09-02 16:15:00",234764,13.27,0.512,14.51,1,0.762,0.25
"2021-09-02 16:30:00",234765,13.28,0.511,14.62,1,0.761,0.25
"2021-09-02 16:45:00",234766,13.29,0.512,14.72,1,0.761,0.25
"2021-09-02 17:00:00",234767,13.31,0.511,14.79,1,0.76,0.25
"2021-09-02 17:15:00",234768,13.31,0.511,14.84,1,0.761,0.25
"2021-09-02 17:30:00",234769,13.29,0.513,14.89,1,0.762,0.25
"2021-09-02 17:45:00",234770,13.27,0.512,14.91,1,0.762,0.25
"2021-09-02 18:00:00",234771,13.23,0.511,14.9,1,0.761,0.25
"2021-09-02 18:15:00",234772,13.21,0.511,14.88,1,0.761,0.25
"2021-09-02 18:30:00",234773,13.19,0.512,14.84,1,0.762,0.25
"2021-09-02 18:45:00",234774,13.17,0.513,14.77,1,0.763,0.25
"2021-09-02 19:00:00",234775,13.15,0.514,14.68,1,0.764,0.25
"2021-09-02 19:15:00",234776,13.14,0.517,14.59,1,0.767,0.25
"2021-09-02 19:30:00",234777,13.12,0.517,14.48,1,0.767,0.25
"2021-09-02 19:45:00",234778,13.11,0.517,14.37,1,0.767,0.25
"2021-09-02 20:00:00",234779,13.09,0.516,14.22,1,0.766,0.25
"2021-09-02 20:15:00",234780,13.07,0.517,14.04,1,0.767,0.25
"2021-09-02 20:30:00",234781,13.06,0.516,13.87,1,0.766,0.25
"2021-09-02 20:45:00",234782,13.05,0.517,13.7,1,0.766,0.25
"2021-09-02 21:00:00",234783,13.03,0.517,13.52,1,0.766,0.25
"2021-09-02 21:15:00",234784,13.02,0.516,13.33,1,0.766,0.25
"2021-09-02 21:30:00",234785,13.01,0.517,13.15,1,0.766,0.25
"2021-09-02 21:45:00",234786,12.99,0.516,12.98,1,0.766,0.25
"2021-09-02 22:00:00",234787,12.98,0.515,12.81,1,0.765,0.25
"2021-09-02 22:15:00",234788,12.97,0.516,12.62,1,0.766,0.25
"2021-09-02 22:30:00",234789,12.96,0.516,12.44,1,0.765,0.25
"2021-09-02 22:45:00",234790,12.95,0.515,12.28,1,0.765,0.25
"2021-09-02 23:00:00",234791,12.93,0.515,12.12,1,0.764,0.25
"2021-09-02 23:15:00",234792,12.92,0.514,11.97,1,0.764,0.25
"2021-09-02 23:30:00",234793,12.91,0.514,11.8,1,0.763,0.25
"2021-09-02 23:45:00",234794,12.89,0.514,11.64,1,0.763,0.25
"2021-09-03 00:00:00",234795,12.88,0.513,11.5,1,0.762,0.25
"2021-09-03 00:15:00",234796,12.87,0.513,11.35,1,0.763,0.25
"2021-09-03 00:30:00",234797,12.86,0.512,11.19,1,0.762,0.25
"2021-09-03 00:45:00",234798,12.85,0.512,11.04,1,0.761,0.25
"2021-09-03 01:00:00",234799,12.84,0.511,10.9,1,0.761,0.25
"2021-09-03 01:15:00",234800,12.83,0.511,10.76,1,0.76,0.25
"2021-09-03 01:30:00",234801,12.81,0.51,10.63,1,0.76,0.25
"2021-09-03 01:45:00",234802,12.8,0.51,10.5,1,0.759,0.25
"2021-09-03 02:00:00",234803,12.79,0.509,10.37,1,0.759,0.25
"2021-09-03 02:15:00",234804,12.78,0.509,10.25,1,0.759,0.25
"2021-09-03 02:30:00",234805,12.77,0.507,10.12,1,0.757,0.25
"2021-09-03 02:45:00",234806,12.76,0.507,9.99,1,0.757,0.25
"2021-09-03 03:00:00",234807,12.75,0.507,9.89,1,0.756,0.25
"2021-09-03 03:15:00",234808,12.74,0.507,9.78,1,0.756,0.25
"2021-09-03 03:30:00",234809,12.73,0.506,9.66,1,0.756,0.25
"2021-09-03 03:45:00",234810,12.72,0.506,9.56,1,0.755,0.25
"2021-09-03 04:00:00",234811,12.71,0.504,9.47,1,0.754,0.25
"2021-09-03 04:15:00",234812,12.7,0.505,9.37,1,0.754,0.25
"2021-09-03 04:30:00",234813,12.69,0.504,9.27,1,0.754,0.25
"2021-09-03 04:45:00",234814,12.67,0.504,9.18,1,0.753,0.25
"2021-09-03 05:00:00",234815,12.66,0.504,9.1,1,0.754,0.25
"2021-09-03 05:15:00",234816,12.66,0.503,9.01,1,0.753,0.25
"2021-09-03 05:30:00",234817,12.65,0.503,8.92,1,0.752,0.25
"2021-09-03 05:45:00",234818,12.64,0.503,8.85,1,0.753,0.25
"2021-09-03 06:00:00",234819,12.63,0.502,8.77,1,0.752,0.25
"2021-09-03 06:15:00",234820,12.62,0.502,8.69,1,0.751,0.25
"2021-09-03 06:30:00",234821,12.61,0.501,8.61,1,0.751,0.25
"2021-09-03 06:45:00",234822,12.6,0.501,8.54,1,0.751,0.25
"2021-09-03 07:00:00",234823,12.59,0.501,8.47,1,0.751,0.25
"2021-09-03 07:15:00",234824,12.58,0.501,8.4,1,0.75,0.25
"2021-09-03 07:30:00",234825,12.57,0.5,8.35,1,0.75,0.25
"2021-09-03 07:45:00",234826,12.57,0.5,8.3,1,0.75,0.25
"2021-09-03 08:00:00",234827,12.61,0.5,8.25,1,0.749,0.25
"2021-09-03 08:15:00",234828,12.67,0.498,8.22,1,0.748,0.25
"2021-09-03 08:30:00",234829,12.77,0.496,8.2,1,0.745,0.25
"2021-09-03 08:45:00",234830,12.92,0.496,8.21,1,0.745,0.25
"2021-09-03 09:00:00",234831,13.1,0.496,8.22,1,0.745,0.25
"2021-09-03 09:15:00",234832,13.61,0.495,8.25,1,0.744,0.25
"2021-09-03 09:30:00",234833,13.57,0.496,8.4,1,0.745,0.25
"2021-09-03 09:45:00",234834,13.55,0.496,8.73,1,0.746,0.25
"2021-09-03 10:00:00",234835,13.54,0.497,8.94,1,0.747,0.25
"2021-09-03 10:15:00",234836,13.52,0.497,9.07,1,0.747,0.25
"2021-09-03 10:30:00",234837,13.5,0.499,9.19,1,0.748,0.25
"2021-09-03 10:45:00",234838,13.49,0.499,9.36,1,0.748,0.25
"2021-09-03 11:00:00",234839,13.48,0.5,9.55,1,0.75,0.25
"2021-09-03 11:15:00",234840,13.47,0.501,9.6,1,0.75,0.25
"2021-09-03 11:30:00",234841,13.45,0.501,9.97,1,0.751,0.25
"2021-09-03 11:45:00",234842,13.43,0.502,10.17,1,0.752,0.25
"2021-09-03 12:00:00",234843,13.41,0.503,10.46,1,0.753,0.25
"2021-09-03 12:15:00",234844,13.39,0.505,10.76,1,0.754,0.25
"2021-09-03 12:30:00",234845,13.37,0.507,11,1,0.757,0.25
"2021-09-03 12:45:00",234846,13.35,0.51,11.3,1,0.76,0.25
"2021-09-03 13:00:00",234847,13.34,0.511,11.59,1,0.761,0.25
"2021-09-03 13:15:00",234848,13.33,0.514,11.84,1,0.763,0.25
"2021-09-03 13:30:00",234849,13.33,0.513,12.17,1,0.762,0.25
"2021-09-03 13:45:00",234850,13.33,0.515,12.49,1,0.765,0.25
"2021-09-03 14:00:00",234851,13.32,0.513,12.82,1,0.763,0.25
"2021-09-03 14:15:00",234852,13.31,0.512,13.19,1,0.761,0.25
"2021-09-03 14:30:00",234853,13.31,0.514,13.43,1,0.764,0.25
"2021-09-03 14:45:00",234854,13.29,0.509,13.62,1,0.759,0.25
"2021-09-03 15:00:00",234855,13.27,0.515,13.77,1,0.765,0.25
"2021-09-03 15:15:00",234856,13.26,0.515,13.99,1,0.765,0.25
"2021-09-03 15:30:00",234857,13.24,0.519,14.2,1,0.768,0.25
"2021-09-03 15:45:00",234858,13.24,0.516,14.38,1,0.766,0.25
"2021-09-03 16:00:00",234859,13.26,0.516,14.56,1,0.766,0.25
"2021-09-03 16:15:00",234860,13.26,0.517,14.69,1,0.767,0.25
"2021-09-03 16:30:00",234861,13.27,0.516,14.81,1,0.766,0.25
"2021-09-03 16:45:00",234862,13.28,0.515,14.91,1,0.765,0.25
"2021-09-03 17:00:00",234863,13.28,0.517,14.98,1,0.766,0.25
"2021-09-03 17:15:00",234864,13.3,0.517,15.04,1,0.766,0.25
"2021-09-03 17:30:00",234865,13.29,0.516,15.08,1,0.765,0.25
"2021-09-03 17:45:00",234866,13.26,0.517,15.09,1,0.766,0.25
"2021-09-03 18:00:00",234867,13.23,0.517,15.09,1,0.766,0.25
"2021-09-03 18:15:00",234868,13.21,0.516,15.06,1,0.766,0.25
"2021-09-03 18:30:00",234869,13.18,0.517,15,1,0.766,0.25
"2021-09-03 18:45:00",234870,13.16,0.517,14.94,1,0.766,0.25
"2021-09-03 19:00:00",234871,13.15,0.516,14.85,1,0.766,0.25
"2021-09-03 19:15:00",234872,13.13,0.516,14.76,1,0.766,0.25
"2021-09-03 19:30:00",234873,13.11,0.516,14.68,1,0.766,0.25
"2021-09-03 19:45:00",234874,13.09,0.516,14.54,1,0.765,0.25
"2021-09-03 20:00:00",234875,13.08,0.515,14.39,1,0.765,0.25
"2021-09-03 20:15:00",234876,13.07,0.516,14.23,1,0.766,0.25
"2021-09-03 20:30:00",234877,13.05,0.516,14.04,1,0.766,0.25
"2021-09-03 20:45:00",234878,13.04,0.515,13.87,1,0.765,0.25
"2021-09-03 21:00:00",234879,13.02,0.515,13.7,1,0.764,0.25
"2021-09-03 21:15:00",234880,13.01,0.514,13.54,1,0.764,0.25
"2021-09-03 21:30:00",234881,13,0.513,13.35,1,0.762,0.25
"2021-09-03 21:45:00",234882,12.99,0.51,13.17,1,0.76,0.25
"2021-09-03 22:00:00",234883,12.97,0.509,13,1,0.758,0.25
"2021-09-03 22:15:00",234884,12.96,0.508,12.84,1,0.758,0.25
"2021-09-03 22:30:00",234885,12.95,0.508,12.68,1,0.758,0.25
"2021-09-03 22:45:00",234886,12.93,0.507,12.5,1,0.757,0.25
"2021-09-03 23:00:00",234887,12.92,0.507,12.33,1,0.757,0.25
"2021-09-03 23:15:00",234888,12.91,0.506,12.18,1,0.756,0.25
"2021-09-03 23:30:00",234889,12.9,0.506,12.03,1,0.756,0.25
"2021-09-03 23:45:00",234890,12.88,0.505,11.85,1,0.755,0.25
"2021-09-04 00:00:00",234891,12.87,0.504,11.7,1,0.754,0.25
"2021-09-04 00:15:00",234892,12.86,0.504,11.56,1,0.754,0.25
"2021-09-04 00:30:00",234893,12.85,0.503,11.39,1,0.753,0.25
"2021-09-04 00:45:00",234894,12.84,0.503,11.23,1,0.752,0.25
"2021-09-04 01:00:00",234895,12.83,0.502,11.08,1,0.752,0.25
"2021-09-04 01:15:00",234896,12.81,0.502,10.92,1,0.752,0.25
"2021-09-04 01:30:00",234897,12.8,0.504,10.78,1,0.754,0.25
"2021-09-04 01:45:00",234898,12.79,0.506,10.64,1,0.755,0.25
"2021-09-04 02:00:00",234899,12.78,0.505,10.5,1,0.755,0.25
"2021-09-04 02:15:00",234900,12.77,0.505,10.33,1,0.755,0.25
"2021-09-04 02:30:00",234901,12.76,0.504,10.19,1,0.754,0.25
"2021-09-04 02:45:00",234902,12.75,0.504,10.05,1,0.754,0.25
"2021-09-04 03:00:00",234903,12.74,0.503,9.92,1,0.753,0.25
"2021-09-04 03:15:00",234904,12.73,0.503,9.79,1,0.753,0.25
"2021-09-04 03:30:00",234905,12.72,0.502,9.66,1,0.752,0.25
"2021-09-04 03:45:00",234906,12.71,0.502,9.53,1,0.751,0.25
"2021-09-04 04:00:00",234907,12.7,0.501,9.41,1,0.751,0.25
"2021-09-04 04:15:00",234908,12.69,0.5,9.28,1,0.75,0.25
"2021-09-04 04:30:00",234909,12.68,0.5,9.17,1,0.75,0.25
"2021-09-04 04:45:00",234910,12.67,0.501,9.06,1,0.75,0.25
"2021-09-04 05:00:00",234911,12.66,0.5,8.95,1,0.749,0.25
"2021-09-04 05:15:00",234912,12.64,0.499,8.85,1,0.748,0.25
"2021-09-04 05:30:00",234913,12.64,0.498,8.76,1,0.748,0.25
"2021-09-04 05:45:00",234914,12.62,0.498,8.66,1,0.748,0.25
"2021-09-04 06:00:00",234915,12.62,0.497,8.57,1,0.747,0.25
"2021-09-04 06:15:00",234916,12.61,0.497,8.48,1,0.747,0.25
"2021-09-04 06:30:00",234917,12.6,0.497,8.39,1,0.747,0.25
"2021-09-04 06:45:00",234918,12.59,0.497,8.31,1,0.746,0.25
"2021-09-04 07:00:00",234919,12.58,0.496,8.24,1,0.746,0.25
"2021-09-04 07:15:00",234920,12.57,0.496,8.17,1,0.746,0.25
"2021-09-04 07:30:00",234921,12.56,0.497,8.09,1,0.747,0.25
"2021-09-04 07:45:00",234922,12.56,0.496,8.03,1,0.746,0.25
"2021-09-04 08:00:00",234923,12.6,0.496,7.963,1,0.746,0.25
"2021-09-04 08:15:00",234924,12.66,0.496,7.924,1,0.745,0.25
"2021-09-04 08:30:00",234925,12.76,0.496,7.909,1,0.746,0.25
"2021-09-04 08:45:00",234926,12.92,0.496,7.904,1,0.746,0.25
"2021-09-04 09:00:00",234927,13.1,0.497,7.89,1,0.746,0.25
"2021-09-04 09:15:00",234928,13.64,0.496,7.905,1,0.746,0.25
"2021-09-04 09:30:00",234929,13.62,0.498,8.14,1,0.748,0.25
"2021-09-04 09:45:00",234930,13.58,0.499,8.45,1,0.749,0.25
"2021-09-04 10:00:00",234931,13.55,0.499,8.65,1,0.749,0.25
"2021-09-04 10:15:00",234932,13.53,0.5,8.82,1,0.75,0.25
"2021-09-04 10:30:00",234933,13.52,0.5,8.95,1,0.75,0.25
"2021-09-04 10:45:00",234934,13.5,0.501,9.06,1,0.751,0.25
"2021-09-04 11:00:00",234935,13.48,0.501,9.2,1,0.751,0.25
"2021-09-04 11:15:00",234936,13.47,0.501,9.52,1,0.751,0.25
"2021-09-04 11:30:00",234937,13.44,0.501,9.79,1,0.75,0.25
"2021-09-04 11:45:00",234938,13.43,0.5,10,1,0.749,0.25
"2021-09-04 12:00:00",234939,13.4,0.5,10.32,1,0.749,0.25
"2021-09-04 12:15:00",234940,13.39,0.5,10.66,1,0.75,0.25
"2021-09-04 12:30:00",234941,13.36,0.5,11.07,1,0.75,0.25
"2021-09-04 12:45:00",234942,13.34,0.5,11.28,1,0.75,0.25
"2021-09-04 13:00:00",234943,13.33,0.502,11.72,1,0.752,0.25
"2021-09-04 13:15:00",234944,13.31,0.502,12.01,1,0.752,0.25
"2021-09-04 13:30:00",234945,13.31,0.504,12.36,1,0.754,0.25
"2021-09-04 13:45:00",234946,13.3,0.504,12.74,1,0.753,0.25
"2021-09-04 14:00:00",234947,13.29,0.504,13.04,1,0.753,0.25
"2021-09-04 14:15:00",234948,13.28,0.506,13.32,1,0.756,0.25
"2021-09-04 14:30:00",234949,13.27,0.504,13.59,1,0.754,0.25
"2021-09-04 14:45:00",234950,13.25,0.507,13.78,1,0.756,0.25
"2021-09-04 15:00:00",234951,13.24,0.505,13.94,1,0.755,0.25
"2021-09-04 15:15:00",234952,13.22,0.507,14.14,1,0.756,0.25
"2021-09-04 15:30:00",234953,13.21,0.505,14.32,1,0.754,0.25
"2021-09-04 15:45:00",234954,13.21,0.506,14.5,1,0.756,0.25
"2021-09-04 16:00:00",234955,13.21,0.507,14.69,1,0.757,0.25
"2021-09-04 16:15:00",234956,13.22,0.509,14.85,1,0.759,0.25
"2021-09-04 16:30:00",234957,13.22,0.511,14.94,1,0.76,0.25
"2021-09-04 16:45:00",234958,13.23,0.511,15.06,1,0.76,0.25
"2021-09-04 17:00:00",234959,13.24,0.513,15.19,1,0.762,0.25
"2021-09-04 17:15:00",234960,13.25,0.512,15.28,1,0.761,0.25
"2021-09-04 17:30:00",234961,13.22,0.512,15.33,1,0.762,0.25
"2021-09-04 17:45:00",234962,13.2,0.513,15.37,1,0.763,0.25
"2021-09-04 18:00:00",234963,13.17,0.512,15.37,1,0.762,0.25
"2021-09-04 18:15:00",234964,13.15,0.512,15.35,1,0.762,0.25
"2021-09-04 18:30:00",234965,13.13,0.513,15.33,1,0.762,0.25
"2021-09-04 18:45:00",234966,13.11,0.512,15.3,1,0.762,0.25
"2021-09-04 19:00:00",234967,13.09,0.512,15.22,1,0.762,0.25
"2021-09-04 19:15:00",234968,13.07,0.512,15.12,1,0.762,0.25
"2021-09-04 19:30:00",234969,13.06,0.512,15.02,1,0.761,0.25
"2021-09-04 19:45:00",234970,13.04,0.512,14.91,1,0.762,0.25
"2021-09-04 20:00:00",234971,13.03,0.511,14.78,1,0.761,0.25
"2021-09-04 20:15:00",234972,13.01,0.512,14.64,1,0.761,0.25
"2021-09-04 20:30:00",234973,12.99,0.512,14.49,1,0.761,0.25
"2021-09-04 20:45:00",234974,12.98,0.512,14.32,1,0.761,0.25
"2021-09-04 21:00:00",234975,12.98,0.511,14.15,1,0.761,0.25
"2021-09-04 21:15:00",234976,12.96,0.511,13.96,1,0.761,0.25
"2021-09-04 21:30:00",234977,12.94,0.512,13.79,1,0.761,0.25
"2021-09-04 21:45:00",234978,12.93,0.511,13.63,1,0.76,0.25
"2021-09-04 22:00:00",234979,12.92,0.51,13.46,1,0.76,0.25
"2021-09-04 22:15:00",234980,12.9,0.51,13.27,1,0.76,0.25
"2021-09-04 22:30:00",234981,12.9,0.509,13.1,1,0.759,0.25
"2021-09-04 22:45:00",234982,12.88,0.509,12.94,1,0.758,0.25
"2021-09-04 23:00:00",234983,12.87,0.509,12.77,1,0.758,0.25
"2021-09-04 23:15:00",234984,12.86,0.508,12.61,1,0.757,0.25
"2021-09-04 23:30:00",234985,12.85,0.505,12.45,1,0.755,0.25
"2021-09-04 23:45:00",234986,12.84,0.503,12.3,1,0.753,0.25
"2021-09-05 00:00:00",234987,12.83,0.502,12.15,1,0.751,0.25
"2021-09-05 00:15:00",234988,12.82,0.5,12,1,0.75,0.25
"2021-09-05 00:30:00",234989,12.8,0.5,11.83,1,0.75,0.25
"2021-09-05 00:45:00",234990,12.79,0.499,11.7,1,0.748,0.25
"2021-09-05 01:00:00",234991,12.78,0.498,11.56,1,0.748,0.25
"2021-09-05 01:15:00",234992,12.77,0.498,11.41,1,0.748,0.25
"2021-09-05 01:30:00",234993,12.76,0.498,11.28,1,0.748,0.25
"2021-09-05 01:45:00",234994,12.75,0.497,11.16,1,0.746,0.25
"2021-09-05 02:00:00",234995,12.73,0.497,11.01,1,0.746,0.25
"2021-09-05 02:15:00",234996,12.73,0.496,10.9,1,0.745,0.25
"2021-09-05 02:30:00",234997,12.72,0.495,10.76,1,0.745,0.25
"2021-09-05 02:45:00",234998,12.71,0.495,10.63,1,0.744,0.25
"2021-09-05 03:00:00",234999,12.7,0.494,10.51,1,0.743,0.25
"2021-09-05 03:15:00",235000,12.69,0.494,10.39,1,0.744,0.25
"2021-09-05 03:30:00",235001,12.68,0.496,10.29,1,0.745,0.25
"2021-09-05 03:45:00",235002,12.67,0.497,10.17,1,0.747,0.25
"2021-09-05 04:00:00",235003,12.66,0.497,10.05,1,0.747,0.25
"2021-09-05 04:15:00",235004,12.65,0.496,9.95,1,0.746,0.25
"2021-09-05 04:30:00",235005,12.63,0.496,9.85,1,0.746,0.25
"2021-09-05 04:45:00",235006,12.63,0.496,9.75,1,0.746,0.25
"2021-09-05 05:00:00",235007,12.62,0.495,9.66,1,0.744,0.25
"2021-09-05 05:15:00",235008,12.61,0.495,9.57,1,0.745,0.25
"2021-09-05 05:30:00",235009,12.6,0.494,9.49,1,0.744,0.25
"2021-09-05 05:45:00",235010,12.59,0.495,9.4,1,0.744,0.25
"2021-09-05 06:00:00",235011,12.59,0.493,9.32,1,0.743,0.25
"2021-09-05 06:15:00",235012,12.58,0.493,9.24,1,0.743,0.25
"2021-09-05 06:30:00",235013,12.57,0.493,9.16,1,0.743,0.25
"2021-09-05 06:45:00",235014,12.56,0.493,9.08,1,0.743,0.25
"2021-09-05 07:00:00",235015,12.55,0.493,9.02,1,0.743,0.25
"2021-09-05 07:15:00",235016,12.55,0.492,8.96,1,0.742,0.25
"2021-09-05 07:30:00",235017,12.54,0.492,8.88,1,0.742,0.25
"2021-09-05 07:45:00",235018,12.54,0.492,8.82,1,0.742,0.25
"2021-09-05 08:00:00",235019,12.56,0.492,8.76,1,0.741,0.25
"2021-09-05 08:15:00",235020,12.62,0.492,8.72,1,0.741,0.25
"2021-09-05 08:30:00",235021,12.71,0.492,8.7,1,0.742,0.25
"2021-09-05 08:45:00",235022,12.87,0.492,8.7,1,0.742,0.25
"2021-09-05 09:00:00",235023,13.03,0.492,8.68,1,0.742,0.25
"2021-09-05 09:15:00",235024,13.58,0.492,8.7,1,0.741,0.25
"2021-09-05 09:30:00",235025,13.52,0.492,8.92,1,0.742,0.25
"2021-09-05 09:45:00",235026,13.53,0.492,9.24,1,0.741,0.25
"2021-09-05 10:00:00",235027,13.51,0.49,9.46,1,0.74,0.25
"2021-09-05 10:15:00",235028,13.49,0.489,9.67,1,0.739,0.25
"2021-09-05 10:30:00",235029,13.47,0.488,9.8,1,0.738,0.25
"2021-09-05 10:45:00",235030,13.46,0.488,9.86,1,0.737,0.25
"2021-09-05 11:00:00",235031,13.44,0.489,10,1,0.739,0.25
"2021-09-05 11:15:00",235032,13.42,0.489,10.29,1,0.738,0.25
"2021-09-05 11:30:00",235033,13.4,0.489,10.68,1,0.738,0.25
"2021-09-05 11:45:00",235034,13.38,0.49,10.85,1,0.739,0.25
"2021-09-05 12:00:00",235035,13.36,0.49,11,1,0.74,0.25
"2021-09-05 12:15:00",235036,13.34,0.492,11.3,1,0.742,0.25
"2021-09-05 12:30:00",235037,13.33,0.493,11.64,1,0.742,0.25
"2021-09-05 12:45:00",235038,13.31,0.493,11.97,1,0.743,0.25
"2021-09-05 13:00:00",235039,13.29,0.495,12.29,1,0.745,0.25
"2021-09-05 13:15:00",235040,13.28,0.495,12.64,1,0.745,0.25
"2021-09-05 13:30:00",235041,13.27,0.496,12.97,1,0.746,0.25
"2021-09-05 13:45:00",235042,13.27,0.498,13.33,1,0.747,0.25
"2021-09-05 14:00:00",235043,13.26,0.496,13.69,1,0.746,0.25
"2021-09-05 14:15:00",235044,13.25,0.499,13.98,1,0.749,0.25
"2021-09-05 14:30:00",235045,13.24,0.497,14.14,1,0.747,0.25
"2021-09-05 14:45:00",235046,13.22,0.503,14.34,1,0.753,0.25
"2021-09-05 15:00:00",235047,13.21,0.504,14.58,1,0.753,0.25
"2021-09-05 15:15:00",235048,13.19,0.499,14.78,1,0.749,0.25
"2021-09-05 15:30:00",235049,13.17,0.498,14.94,1,0.748,0.25
"2021-09-05 15:45:00",235050,13.17,0.498,15.09,1,0.747,0.25
"2021-09-05 16:00:00",235051,13.18,0.502,15.22,1,0.752,0.25
"2021-09-05 16:15:00",235052,13.19,0.5,15.38,1,0.749,0.25
"2021-09-05 16:30:00",235053,13.18,0.502,15.5,1,0.751,0.25
"2021-09-05 16:45:00",235054,13.19,0.503,15.62,1,0.753,0.25
"2021-09-05 17:00:00",235055,13.21,0.502,15.73,1,0.752,0.25
"2021-09-05 17:15:00",235056,13.2,0.501,15.82,1,0.751,0.25
"2021-09-05 17:30:00",235057,13.16,0.501,15.89,1,0.75,0.25
"2021-09-05 17:45:00",235058,13.14,0.501,15.92,1,0.751,0.25
"2021-09-05 18:00:00",235059,13.11,0.501,15.93,1,0.751,0.25
"2021-09-05 18:15:00",235060,13.09,0.502,15.94,1,0.751,0.25
"2021-09-05 18:30:00",235061,13.07,0.501,15.94,1,0.751,0.25
"2021-09-05 18:45:00",235062,13.05,0.501,15.91,1,0.751,0.25
"2021-09-05 19:00:00",235063,13.04,0.501,15.87,1,0.751,0.25
"2021-09-05 19:15:00",235064,13.02,0.502,15.8,1,0.751,0.25
"2021-09-05 19:30:00",235065,13.01,0.501,15.7,1,0.751,0.25
"2021-09-05 19:45:00",235066,12.99,0.501,15.6,1,0.751,0.25
"2021-09-05 20:00:00",235067,12.98,0.501,15.5,1,0.751,0.25
"2021-09-05 20:15:00",235068,12.96,0.501,15.39,1,0.75,0.25
"2021-09-05 20:30:00",235069,12.95,0.5,15.26,1,0.75,0.25
"2021-09-05 20:45:00",235070,12.93,0.5,15.11,1,0.75,0.25
"2021-09-05 21:00:00",235071,12.92,0.5,14.96,1,0.75,0.25
"2021-09-05 21:15:00",235072,12.91,0.5,14.8,1,0.749,0.25
"2021-09-05 21:30:00",235073,12.89,0.5,14.64,1,0.749,0.25
"2021-09-05 21:45:00",235074,12.88,0.501,14.48,1,0.75,0.25
"2021-09-05 22:00:00",235075,12.87,0.502,14.31,1,0.752,0.25
"2021-09-05 22:15:00",235076,12.86,0.504,14.15,1,0.753,0.25
"2021-09-05 22:30:00",235077,12.84,0.504,13.98,1,0.753,0.25
"2021-09-05 22:45:00",235078,12.83,0.504,13.82,1,0.754,0.25
"2021-09-05 23:00:00",235079,12.82,0.504,13.66,1,0.754,0.25
"2021-09-05 23:15:00",235080,12.81,0.503,13.49,1,0.753,0.25
"2021-09-05 23:30:00",235081,12.8,0.503,13.33,1,0.753,0.25
"2021-09-05 23:45:00",235082,12.79,0.503,13.17,1,0.752,0.25
"2021-09-06 00:00:00",235083,12.78,0.503,13.02,1,0.752,0.25
"2021-09-06 00:15:00",235084,12.77,0.502,12.87,1,0.751,0.25
"2021-09-06 00:30:00",235085,12.76,0.502,12.72,1,0.752,0.25
"2021-09-06 00:45:00",235086,12.75,0.502,12.55,1,0.751,0.25
"2021-09-06 01:00:00",235087,12.73,0.5,12.4,1,0.75,0.25
"2021-09-06 01:15:00",235088,12.73,0.5,12.26,1,0.75,0.25
"2021-09-06 01:30:00",235089,12.72,0.499,12.12,1,0.748,0.25
"2021-09-06 01:45:00",235090,12.71,0.499,11.98,1,0.749,0.25
"2021-09-06 02:00:00",235091,12.7,0.498,11.84,1,0.748,0.25
"2021-09-06 02:15:00",235092,12.68,0.497,11.7,1,0.747,0.25
"2021-09-06 02:30:00",235093,12.67,0.497,11.56,1,0.746,0.25
"2021-09-06 02:45:00",235094,12.66,0.496,11.44,1,0.746,0.25
"2021-09-06 03:00:00",235095,12.65,0.496,11.31,1,0.745,0.25
"2021-09-06 03:15:00",235096,12.65,0.495,11.2,1,0.745,0.25
"2021-09-06 03:30:00",235097,12.64,0.494,11.08,1,0.744,0.25
"2021-09-06 03:45:00",235098,12.62,0.494,10.96,1,0.744,0.25
"2021-09-06 04:00:00",235099,12.62,0.493,10.85,1,0.743,0.25
"2021-09-06 04:15:00",235100,12.61,0.493,10.74,1,0.742,0.25
"2021-09-06 04:30:00",235101,12.6,0.492,10.64,1,0.742,0.25
"2021-09-06 04:45:00",235102,12.59,0.492,10.53,1,0.741,0.25
"2021-09-06 05:00:00",235103,12.58,0.491,10.43,1,0.741,0.25
"2021-09-06 05:15:00",235104,12.58,0.49,10.33,1,0.74,0.25
"2021-09-06 05:30:00",235105,12.57,0.489,10.24,1,0.739,0.25
"2021-09-06 05:45:00",235106,12.56,0.489,10.15,1,0.739,0.25
"2021-09-06 06:00:00",235107,12.56,0.489,10.06,1,0.739,0.25
"2021-09-06 06:15:00",235108,12.55,0.488,9.98,1,0.738,0.25
"2021-09-06 06:30:00",235109,12.54,0.488,9.89,1,0.738,0.25
"2021-09-06 06:45:00",235110,12.54,0.488,9.81,1,0.738,0.25
"2021-09-06 07:00:00",235111,12.53,0.487,9.73,1,0.737,0.25
"2021-09-06 07:15:00",235112,12.53,0.488,9.66,1,0.738,0.25
"2021-09-06 07:30:00",235113,12.53,0.487,9.59,1,0.736,0.25
"2021-09-06 07:45:00",235114,12.55,0.486,9.54,1,0.736,0.25
"2021-09-06 08:00:00",235115,12.6,0.487,9.49,1,0.736,0.25
"2021-09-06 08:15:00",235116,12.61,0.486,9.46,1,0.736,0.25
"2021-09-06 08:30:00",235117,12.67,0.486,9.44,1,0.736,0.25
"2021-09-06 08:45:00",235118,12.82,0.485,9.43,1,0.735,0.25
"2021-09-06 09:00:00",235119,12.85,0.484,9.42,1,0.733,0.25
"2021-09-06 09:15:00",235120,13.14,0.481,9.43,1,0.731,0.25
"2021-09-06 09:30:00",235121,13.28,0.48,9.62,1,0.73,0.25
"2021-09-06 09:45:00",235122,13.51,0.481,9.89,1,0.73,0.25
"2021-09-06 10:00:00",235123,13.49,0.48,10.11,1,0.729,0.25
"2021-09-06 10:15:00",235124,13.47,0.48,10.27,1,0.73,0.25
"2021-09-06 10:30:00",235125,13.46,0.481,10.38,1,0.731,0.25
"2021-09-06 10:45:00",235126,13.44,0.48,10.43,1,0.73,0.25
"2021-09-06 11:00:00",235127,13.42,0.482,10.54,1,0.732,0.25
"2021-09-06 11:15:00",235128,13.41,0.481,10.77,1,0.731,0.25
"2021-09-06 11:30:00",235129,13.39,0.483,10.96,1,0.732,0.25
"2021-09-06 11:45:00",235130,13.38,0.485,11.18,1,0.734,0.25
"2021-09-06 12:00:00",235131,13.35,0.484,11.47,1,0.733,0.25
"2021-09-06 12:15:00",235132,13.33,0.486,11.84,1,0.736,0.25
"2021-09-06 12:30:00",235133,13.31,0.485,12.06,1,0.735,0.25
"2021-09-06 12:45:00",235134,13.29,0.487,12.54,1,0.736,0.25
"2021-09-06 13:00:00",235135,13.28,0.487,12.83,1,0.737,0.25
"2021-09-06 13:15:00",235136,13.27,0.491,13.17,1,0.741,0.25
"2021-09-06 13:30:00",235137,13.26,0.49,13.54,1,0.739,0.25
"2021-09-06 13:45:00",235138,13.26,0.493,13.94,1,0.742,0.25
"2021-09-06 14:00:00",235139,13.25,0.491,14.24,1,0.741,0.25
"2021-09-06 14:15:00",235140,13.24,0.496,14.45,1,0.745,0.25
"2021-09-06 14:30:00",235141,13.23,0.497,14.69,1,0.746,0.25
"2021-09-06 14:45:00",235142,13.21,0.497,14.9,1,0.746,0.25
"2021-09-06 15:00:00",235143,13.2,0.498,15.1,1,0.747,0.25
"2021-09-06 15:15:00",235144,13.18,0.5,15.24,1,0.75,0.25
"2021-09-06 15:30:00",235145,13.17,0.496,15.42,1,0.746,0.25
"2021-09-06 15:45:00",235146,13.17,0.497,15.61,1,0.747,0.25
"2021-09-06 16:00:00",235147,13.18,0.498,15.75,1,0.748,0.25
"2021-09-06 16:15:00",235148,13.19,0.497,15.9,1,0.747,0.25
"2021-09-06 16:30:00",235149,13.18,0.497,15.99,1,0.747,0.25
"2021-09-06 16:45:00",235150,13.19,0.499,16.16,1,0.749,0.25
"2021-09-06 17:00:00",235151,13.2,0.499,16.29,1,0.749,0.25
"2021-09-06 17:15:00",235152,13.18,0.499,16.38,1,0.748,0.25
"2021-09-06 17:30:00",235153,13.16,0.499,16.45,1,0.749,0.25
"2021-09-06 17:45:00",235154,13.14,0.499,16.52,1,0.748,0.25
"2021-09-06 18:00:00",235155,13.11,0.503,16.53,1,0.752,0.25
"2021-09-06 18:15:00",235156,13.09,0.504,16.56,1,0.753,0.25
"2021-09-06 18:30:00",235157,13.07,0.506,16.56,1,0.755,0.25
"2021-09-06 18:45:00",235158,13.05,0.506,16.55,1,0.756,0.25
"2021-09-06 19:00:00",235159,13.03,0.505,16.51,1,0.755,0.25
"2021-09-06 19:15:00",235160,13.02,0.507,16.45,1,0.756,0.25
"2021-09-06 19:30:00",235161,13,0.506,16.36,1,0.756,0.25
"2021-09-06 19:45:00",235162,12.99,0.507,16.27,1,0.756,0.25
"2021-09-06 20:00:00",235163,12.98,0.506,16.18,1,0.756,0.25
"2021-09-06 20:15:00",235164,12.96,0.506,16.07,1,0.756,0.25
"2021-09-06 20:30:00",235165,12.95,0.506,15.94,1,0.756,0.25
"2021-09-06 20:45:00",235166,12.93,0.506,15.8,1,0.755,0.25
"2021-09-06 21:00:00",235167,12.92,0.506,15.66,1,0.756,0.25
"2021-09-06 21:15:00",235168,12.91,0.507,15.52,1,0.756,0.25
"2021-09-06 21:30:00",235169,12.9,0.506,15.36,1,0.756,0.25
"2021-09-06 21:45:00",235170,12.88,0.506,15.21,1,0.755,0.25
"2021-09-06 22:00:00",235171,12.87,0.505,15.05,1,0.755,0.25
"2021-09-06 22:15:00",235172,12.85,0.505,14.9,1,0.755,0.25
"2021-09-06 22:30:00",235173,12.84,0.505,14.74,1,0.754,0.25
"2021-09-06 22:45:00",235174,12.83,0.504,14.59,1,0.754,0.25
"2021-09-06 23:00:00",235175,12.82,0.504,14.43,1,0.754,0.25
"2021-09-06 23:15:00",235176,12.81,0.503,14.27,1,0.753,0.25
"2021-09-06 23:30:00",235177,12.8,0.501,14.12,1,0.75,0.25
"2021-09-06 23:45:00",235178,12.78,0.498,13.97,1,0.748,0.25
"2021-09-07 00:00:00",235179,12.78,0.497,13.83,1,0.746,0.25
"2021-09-07 00:15:00",235180,12.77,0.496,13.69,1,0.745,0.25
"2021-09-07 00:30:00",235181,12.76,0.495,13.54,1,0.744,0.25
"2021-09-07 00:45:00",235182,12.75,0.495,13.41,1,0.744,0.25
"2021-09-07 01:00:00",235183,12.73,0.495,13.28,1,0.744,0.25
"2021-09-07 01:15:00",235184,12.72,0.493,13.15,1,0.743,0.25
"2021-09-07 01:30:00",235185,12.71,0.493,13.01,1,0.743,0.25
"2021-09-07 01:45:00",235186,12.7,0.493,12.88,1,0.742,0.25
"2021-09-07 02:00:00",235187,12.69,0.492,12.76,1,0.742,0.25
"2021-09-07 02:15:00",235188,12.68,0.491,12.64,1,0.741,0.25
"2021-09-07 02:30:00",235189,12.67,0.491,12.51,1,0.741,0.25
"2021-09-07 02:45:00",235190,12.66,0.492,12.39,1,0.742,0.25
"2021-09-07 03:00:00",235191,12.66,0.494,12.28,1,0.744,0.25
"2021-09-07 03:15:00",235192,12.65,0.495,12.15,1,0.744,0.25
"2021-09-07 03:30:00",235193,12.64,0.494,12.03,1,0.744,0.25
"2021-09-07 03:45:00",235194,12.63,0.495,11.93,1,0.744,0.25
"2021-09-07 04:00:00",235195,12.62,0.494,11.82,1,0.744,0.25
"2021-09-07 04:15:00",235196,12.61,0.493,11.71,1,0.743,0.25
"2021-09-07 04:30:00",235197,12.6,0.493,11.6,1,0.742,0.25
"2021-09-07 04:45:00",235198,12.6,0.492,11.5,1,0.742,0.25
"2021-09-07 05:00:00",235199,12.59,0.491,11.4,1,0.741,0.25
"2021-09-07 05:15:00",235200,12.58,0.492,11.31,1,0.741,0.25
"2021-09-07 05:30:00",235201,12.57,0.49,11.21,1,0.74,0.25
"2021-09-07 05:45:00",235202,12.56,0.49,11.12,1,0.74,0.25
"2021-09-07 06:00:00",235203,12.55,0.489,11.04,1,0.739,0.25
"2021-09-07 06:15:00",235204,12.55,0.489,10.95,1,0.739,0.25
"2021-09-07 06:30:00",235205,12.54,0.489,10.87,1,0.739,0.25
"2021-09-07 06:45:00",235206,12.54,0.488,10.78,1,0.738,0.25
"2021-09-07 07:00:00",235207,12.53,0.488,10.7,1,0.737,0.25
"2021-09-07 07:15:00",235208,12.53,0.488,10.63,1,0.737,0.25
"2021-09-07 07:30:00",235209,12.53,0.487,10.56,1,0.737,0.25
"2021-09-07 07:45:00",235210,12.52,0.487,10.49,1,0.737,0.25
"2021-09-07 08:00:00",235211,12.54,0.487,10.43,1,0.737,0.25
"2021-09-07 08:15:00",235212,12.6,0.487,10.39,1,0.737,0.25
"2021-09-07 08:30:00",235213,12.68,0.487,10.37,1,0.737,0.25
"2021-09-07 08:45:00",235214,12.83,0.487,10.35,1,0.736,0.25
"2021-09-07 09:00:00",235215,12.98,0.486,10.34,1,0.736,0.25
"2021-09-07 09:15:00",235216,13.32,0.487,10.35,1,0.736,0.25
"2021-09-07 09:30:00",235217,13.43,0.487,10.58,1,0.737,0.25
"2021-09-07 09:45:00",235218,13.47,0.488,10.82,1,0.738,0.25
"2021-09-07 10:00:00",235219,13.45,0.488,10.97,1,0.737,0.25
"2021-09-07 10:15:00",235220,13.43,0.489,11.14,1,0.739,0.25
"2021-09-07 10:30:00",235221,13.42,0.489,11.22,1,0.739,0.25
"2021-09-07 10:45:00",235222,13.4,0.489,11.27,1,0.739,0.25
"2021-09-07 11:00:00",235223,13.39,0.489,11.5,1,0.739,0.25
"2021-09-07 11:15:00",235224,13.38,0.489,11.7,1,0.739,0.25
"2021-09-07 11:30:00",235225,13.35,0.487,11.97,1,0.737,0.25
"2021-09-07 11:45:00",235226,13.34,0.487,12.22,1,0.737,0.25
"2021-09-07 12:00:00",235227,13.33,0.486,12.53,1,0.735,0.25
"2021-09-07 12:15:00",235228,13.3,0.485,12.82,1,0.735,0.25
"2021-09-07 12:30:00",235229,13.28,0.486,13.16,1,0.736,0.25
"2021-09-07 12:45:00",235230,13.27,0.487,13.46,1,0.737,0.25
"2021-09-07 13:00:00",235231,13.26,0.487,13.72,1,0.737,0.25
"2021-09-07 13:15:00",235232,13.24,0.489,13.91,1,0.738,0.25
"2021-09-07 13:30:00",235233,13.24,0.489,14.13,1,0.739,0.25
"2021-09-07 13:45:00",235234,13.24,0.491,14.5,1,0.74,0.25
"2021-09-07 14:00:00",235235,13.23,0.491,14.77,1,0.741,0.25
"2021-09-07 14:15:00",235236,13.22,0.491,15,1,0.74,0.25
"2021-09-07 14:30:00",235237,13.21,0.492,15.3,1,0.742,0.25
"2021-09-07 14:45:00",235238,13.2,0.494,15.49,1,0.743,0.25
"2021-09-07 15:00:00",235239,13.18,0.495,15.6,1,0.745,0.25
"2021-09-07 15:15:00",235240,13.16,0.496,15.69,1,0.746,0.25
"2021-09-07 15:30:00",235241,13.15,0.501,15.84,1,0.751,0.25
"2021-09-07 15:45:00",235242,13.14,0.503,16.03,1,0.753,0.25
"2021-09-07 16:00:00",235243,13.15,0.504,16.2,1,0.753,0.25
"2021-09-07 16:15:00",235244,13.16,0.501,16.32,1,0.751,0.25
"2021-09-07 16:30:00",235245,13.15,0.503,16.45,1,0.753,0.25
"2021-09-07 16:45:00",235246,13.16,0.503,16.56,1,0.753,0.25
"2021-09-07 17:00:00",235247,13.18,0.502,16.64,1,0.752,0.25
"2021-09-07 17:15:00",235248,13.16,0.503,16.73,1,0.753,0.25
"2021-09-07 17:30:00",235249,13.17,0.503,16.81,1,0.753,0.25
"2021-09-07 17:45:00",235250,13.13,0.504,16.87,1,0.753,0.25
"2021-09-07 18:00:00",235251,13.11,0.503,16.9,1,0.753,0.25
"2021-09-07 18:15:00",235252,13.09,0.503,16.93,1,0.753,0.25
"2021-09-07 18:30:00",235253,13.06,0.505,16.91,1,0.754,0.25
"2021-09-07 18:45:00",235254,13.04,0.504,16.89,1,0.754,0.25
"2021-09-07 19:00:00",235255,13.02,0.504,16.86,1,0.753,0.25
"2021-09-07 19:15:00",235256,13.01,0.504,16.8,1,0.754,0.25
"2021-09-07 19:30:00",235257,12.99,0.504,16.71,1,0.754,0.25
"2021-09-07 19:45:00",235258,12.97,0.504,16.63,1,0.753,0.25
"2021-09-07 20:00:00",235259,12.96,0.504,16.54,1,0.753,0.25
"2021-09-07 20:15:00",235260,12.95,0.505,16.43,1,0.754,0.25
"2021-09-07 20:30:00",235261,12.94,0.504,16.3,1,0.754,0.25
"2021-09-07 20:45:00",235262,12.92,0.503,16.17,1,0.753,0.25
"2021-09-07 21:00:00",235263,12.91,0.504,16.04,1,0.753,0.25
"2021-09-07 21:15:00",235264,12.89,0.503,15.89,1,0.753,0.25
"2021-09-07 21:30:00",235265,12.88,0.503,15.75,1,0.753,0.25
"2021-09-07 21:45:00",235266,12.86,0.503,15.6,1,0.753,0.25
"2021-09-07 22:00:00",235267,12.85,0.503,15.45,1,0.752,0.25
"2021-09-07 22:15:00",235268,12.84,0.503,15.3,1,0.753,0.25
"2021-09-07 22:30:00",235269,12.83,0.502,15.15,1,0.752,0.25
"2021-09-07 22:45:00",235270,12.82,0.502,15,1,0.751,0.25
"2021-09-07 23:00:00",235271,12.81,0.501,14.85,1,0.75,0.25
"2021-09-07 23:15:00",235272,12.8,0.501,14.71,1,0.75,0.25
"2021-09-07 23:30:00",235273,12.78,0.5,14.56,1,0.75,0.25
"2021-09-07 23:45:00",235274,12.77,0.498,14.42,1,0.748,0.25
"2021-09-08 00:00:00",235275,12.77,0.495,14.27,1,0.745,0.25
"2021-09-08 00:15:00",235276,12.76,0.493,14.13,1,0.743,0.25
"2021-09-08 00:30:00",235277,12.74,0.492,14.01,1,0.742,0.25
"2021-09-08 00:45:00",235278,12.73,0.492,13.88,1,0.742,0.25
"2021-09-08 01:00:00",235279,12.72,0.491,13.74,1,0.74,0.25
"2021-09-08 01:15:00",235280,12.71,0.49,13.61,1,0.74,0.25
"2021-09-08 01:30:00",235281,12.7,0.49,13.48,1,0.739,0.25
"2021-09-08 01:45:00",235282,12.69,0.489,13.35,1,0.739,0.25
"2021-09-08 02:00:00",235283,12.68,0.489,13.22,1,0.738,0.25
"2021-09-08 02:15:00",235284,12.67,0.488,13.09,1,0.737,0.25
"2021-09-08 02:30:00",235285,12.66,0.487,12.97,1,0.737,0.25
"2021-09-08 02:45:00",235286,12.66,0.486,12.85,1,0.736,0.25
"2021-09-08 03:00:00",235287,12.64,0.487,12.74,1,0.736,0.25
"2021-09-08 03:15:00",235288,12.64,0.488,12.62,1,0.738,0.25
"2021-09-08 03:30:00",235289,12.63,0.49,12.5,1,0.739,0.25
"2021-09-08 03:45:00",235290,12.62,0.49,12.39,1,0.74,0.25
"2021-09-08 04:00:00",235291,12.61,0.49,12.27,1,0.74,0.25
"2021-09-08 04:15:00",235292,12.6,0.489,12.16,1,0.739,0.25
"2021-09-08 04:30:00",235293,12.6,0.489,12.06,1,0.739,0.25
"2021-09-08 04:45:00",235294,12.59,0.489,11.95,1,0.738,0.25
"2021-09-08 05:00:00",235295,12.58,0.488,11.84,1,0.738,0.25
"2021-09-08 05:15:00",235296,12.57,0.487,11.74,1,0.736,0.25
"2021-09-08 05:30:00",235297,12.56,0.487,11.65,1,0.737,0.25
"2021-09-08 05:45:00",235298,12.56,0.486,11.56,1,0.735,0.25
"2021-09-08 06:00:00",235299,12.55,0.485,11.46,1,0.735,0.25
"2021-09-08 06:15:00",235300,12.55,0.485,11.36,1,0.735,0.25
"2021-09-08 06:30:00",235301,12.54,0.485,11.26,1,0.735,0.25
"2021-09-08 06:45:00",235302,12.53,0.484,11.18,1,0.734,0.25
"2021-09-08 07:00:00",235303,12.53,0.485,11.1,1,0.735,0.25
"2021-09-08 07:15:00",235304,12.53,0.484,11.02,1,0.734,0.25
"2021-09-08 07:30:00",235305,12.52,0.484,10.95,1,0.733,0.25
"2021-09-08 07:45:00",235306,12.52,0.483,10.88,1,0.733,0.25
"2021-09-08 08:00:00",235307,12.54,0.483,10.82,1,0.733,0.25
"2021-09-08 08:15:00",235308,12.59,0.483,10.77,1,0.733,0.25
"2021-09-08 08:30:00",235309,12.67,0.483,10.75,1,0.733,0.25
"2021-09-08 08:45:00",235310,12.82,0.483,10.74,1,0.732,0.25
"2021-09-08 09:00:00",235311,12.97,0.48,10.71,1,0.729,0.25
"2021-09-08 09:15:00",235312,13.27,0.479,10.73,1,0.728,0.25
"2021-09-08 09:30:00",235313,13.38,0.478,10.96,1,0.727,0.25
"2021-09-08 09:45:00",235314,13.46,0.478,11.21,1,0.727,0.25
"2021-09-08 10:00:00",235315,13.44,0.477,11.35,1,0.727,0.25
"2021-09-08 10:15:00",235316,13.43,0.478,11.54,1,0.728,0.25
"2021-09-08 10:30:00",235317,13.42,0.479,11.65,1,0.729,0.25
"2021-09-08 10:45:00",235318,13.4,0.482,11.77,1,0.732,0.25
"2021-09-08 11:00:00",235319,13.39,0.484,11.83,1,0.734,0.25
"2021-09-08 11:15:00",235320,13.38,0.487,12.02,1,0.736,0.25
"2021-09-08 11:30:00",235321,13.36,0.487,12.29,1,0.737,0.25
"2021-09-08 11:45:00",235322,13.34,0.486,12.48,1,0.736,0.25
"2021-09-08 12:00:00",235323,13.33,0.488,12.75,1,0.738,0.25
"2021-09-08 12:15:00",235324,13.31,0.488,13.18,1,0.738,0.25
"2021-09-08 12:30:00",235325,13.29,0.49,13.51,1,0.74,0.25
"2021-09-08 12:45:00",235326,13.27,0.491,13.71,1,0.74,0.25
"2021-09-08 13:00:00",235327,13.26,0.491,13.97,1,0.74,0.25
"2021-09-08 13:15:00",235328,13.24,0.491,14.18,1,0.741,0.25
"2021-09-08 13:30:00",235329,13.24,0.491,14.46,1,0.741,0.25
"2021-09-08 13:45:00",235330,13.24,0.492,14.71,1,0.741,0.25
"2021-09-08 14:00:00",235331,13.23,0.494,14.99,1,0.744,0.25
"2021-09-08 14:15:00",235332,13.23,0.493,15.3,1,0.743,0.25
"2021-09-08 14:30:00",235333,13.21,0.495,15.44,1,0.745,0.25
"2021-09-08 14:45:00",235334,13.2,0.497,15.7,1,0.746,0.25
"2021-09-08 15:00:00",235335,13.19,0.496,15.83,1,0.746,0.25
"2021-09-08 15:15:00",235336,13.17,0.498,16.02,1,0.748,0.25
"2021-09-08 15:30:00",235337,13.16,0.498,16.15,1,0.748,0.25
"2021-09-08 15:45:00",235338,13.15,0.496,16.24,1,0.746,0.25
"2021-09-08 16:00:00",235339,13.16,0.494,16.4,1,0.744,0.25
"2021-09-08 16:15:00",235340,13.15,0.493,16.53,1,0.743,0.25
"2021-09-08 16:30:00",235341,13.17,0.492,16.58,1,0.742,0.25
"2021-09-08 16:45:00",235342,13.18,0.493,16.66,1,0.743,0.25
"2021-09-08 17:00:00",235343,13.19,0.493,16.81,1,0.743,0.25
"2021-09-08 17:15:00",235344,13.21,0.492,16.89,1,0.742,0.25
"2021-09-08 17:30:00",235345,13.21,0.493,16.94,1,0.743,0.25
"2021-09-08 17:45:00",235346,13.22,0.493,17.01,1,0.743,0.25
"2021-09-08 18:00:00",235347,13.18,0.494,17.05,1,0.744,0.25
"2021-09-08 18:15:00",235348,13.15,0.494,17.06,1,0.744,0.25
"2021-09-08 18:30:00",235349,13.13,0.496,17.07,1,0.745,0.25
"2021-09-08 18:45:00",235350,13.11,0.497,17.05,1,0.747,0.25
"2021-09-08 19:00:00",235351,13.09,0.5,17.02,1,0.749,0.25
"2021-09-08 19:15:00",235352,13.06,0.501,16.99,1,0.75,0.25
"2021-09-08 19:30:00",235353,13.04,0.501,16.93,1,0.751,0.25
"2021-09-08 19:45:00",235354,13.03,0.501,16.83,1,0.75,0.25
"2021-09-08 20:00:00",235355,13.01,0.501,16.74,1,0.75,0.25
"2021-09-08 20:15:00",235356,13,0.501,16.66,1,0.75,0.25
"2021-09-08 20:30:00",235357,12.98,0.502,16.54,1,0.751,0.25
"2021-09-08 20:45:00",235358,12.97,0.501,16.42,1,0.751,0.25
"2021-09-08 21:00:00",235359,12.95,0.501,16.29,1,0.751,0.25
"2021-09-08 21:15:00",235360,12.94,0.5,16.15,1,0.75,0.25
"2021-09-08 21:30:00",235361,12.93,0.501,16,1,0.751,0.25
"2021-09-08 21:45:00",235362,12.91,0.5,15.87,1,0.75,0.25
"2021-09-08 22:00:00",235363,12.9,0.5,15.72,1,0.749,0.25
"2021-09-08 22:15:00",235364,12.89,0.501,15.58,1,0.75,0.25
"2021-09-08 22:30:00",235365,12.88,0.5,15.43,1,0.749,0.25
"2021-09-08 22:45:00",235366,12.87,0.499,15.27,1,0.749,0.25
"2021-09-08 23:00:00",235367,12.86,0.499,15.13,1,0.749,0.25
"2021-09-08 23:15:00",235368,12.84,0.498,14.98,1,0.747,0.25
"2021-09-08 23:30:00",235369,12.83,0.499,14.83,1,0.748,0.25
"2021-09-08 23:45:00",235370,12.82,0.498,14.68,1,0.748,0.25
"2021-09-09 00:00:00",235371,12.81,0.497,14.53,1,0.747,0.25
"2021-09-09 00:15:00",235372,12.8,0.497,14.39,1,0.747,0.25
"2021-09-09 00:30:00",235373,12.78,0.497,14.25,1,0.747,0.25
"2021-09-09 00:45:00",235374,12.77,0.496,14.12,1,0.746,0.25
"2021-09-09 01:00:00",235375,12.76,0.495,13.99,1,0.745,0.25
"2021-09-09 01:15:00",235376,12.75,0.495,13.85,1,0.745,0.25
"2021-09-09 01:30:00",235377,12.74,0.494,13.71,1,0.744,0.25
"2021-09-09 01:45:00",235378,12.73,0.494,13.58,1,0.743,0.25
"2021-09-09 02:00:00",235379,12.72,0.493,13.46,1,0.743,0.25
"2021-09-09 02:15:00",235380,12.71,0.493,13.35,1,0.742,0.25
"2021-09-09 02:30:00",235381,12.7,0.492,13.23,1,0.742,0.25
"2021-09-09 02:45:00",235382,12.69,0.491,13.11,1,0.741,0.25
"2021-09-09 03:00:00",235383,12.68,0.491,13,1,0.741,0.25
"2021-09-09 03:15:00",235384,12.67,0.491,12.89,1,0.74,0.25
"2021-09-09 03:30:00",235385,12.66,0.49,12.78,1,0.739,0.25
"2021-09-09 03:45:00",235386,12.65,0.489,12.67,1,0.739,0.25
"2021-09-09 04:00:00",235387,12.64,0.489,12.57,1,0.739,0.25
"2021-09-09 04:15:00",235388,12.64,0.488,12.47,1,0.738,0.25
"2021-09-09 04:30:00",235389,12.63,0.488,12.37,1,0.737,0.25
"2021-09-09 04:45:00",235390,12.62,0.488,12.28,1,0.737,0.25
"2021-09-09 05:00:00",235391,12.61,0.486,12.19,1,0.736,0.25
"2021-09-09 05:15:00",235392,12.6,0.486,12.1,1,0.736,0.25
"2021-09-09 05:30:00",235393,12.6,0.485,12,1,0.735,0.25
"2021-09-09 05:45:00",235394,12.59,0.485,11.93,1,0.734,0.25
"2021-09-09 06:00:00",235395,12.59,0.484,11.84,1,0.734,0.25
"2021-09-09 06:15:00",235396,12.58,0.484,11.76,1,0.734,0.25
"2021-09-09 06:30:00",235397,12.57,0.483,11.68,1,0.733,0.25
"2021-09-09 06:45:00",235398,12.56,0.483,11.61,1,0.732,0.25
"2021-09-09 07:00:00",235399,12.56,0.482,11.53,1,0.732,0.25
"2021-09-09 07:15:00",235400,12.55,0.482,11.46,1,0.732,0.25
"2021-09-09 07:30:00",235401,12.55,0.482,11.4,1,0.731,0.25
"2021-09-09 07:45:00",235402,12.54,0.482,11.34,1,0.732,0.25
"2021-09-09 08:00:00",235403,12.55,0.482,11.29,1,0.732,0.25
"2021-09-09 08:15:00",235404,12.59,0.481,11.25,1,0.731,0.25
"2021-09-09 08:30:00",235405,12.67,0.478,11.24,1,0.728,0.25
"2021-09-09 08:45:00",235406,12.81,0.477,11.23,1,0.726,0.25
"2021-09-09 09:00:00",235407,12.97,0.475,11.21,1,0.725,0.25
"2021-09-09 09:15:00",235408,13.22,0.474,11.22,1,0.724,0.25
"2021-09-09 09:30:00",235409,13.34,0.474,11.45,1,0.724,0.25
"2021-09-09 09:45:00",235410,13.41,0.475,11.7,1,0.725,0.25
"2021-09-09 10:00:00",235411,13.39,0.475,11.91,1,0.724,0.25
"2021-09-09 10:15:00",235412,13.38,0.475,12.08,1,0.725,0.25
"2021-09-09 10:30:00",235413,13.38,0.474,12.22,1,0.724,0.25
"2021-09-09 10:45:00",235414,13.36,0.474,12.23,1,0.724,0.25
"2021-09-09 11:00:00",235415,13.35,0.475,12.26,1,0.725,0.25
"2021-09-09 11:15:00",235416,13.35,0.477,12.26,1,0.726,0.25
"2021-09-09 11:30:00",235417,13.34,0.476,12.28,1,0.726,0.25
"2021-09-09 11:45:00",235418,13.33,0.477,12.32,1,0.726,0.25
"2021-09-09 12:00:00",235419,13.32,0.477,12.49,1,0.727,0.25
"2021-09-09 12:15:00",235420,13.31,0.478,12.71,1,0.728,0.25
"2021-09-09 12:30:00",235421,13.31,0.478,12.76,1,0.728,0.25
"2021-09-09 12:45:00",235422,13.3,0.479,12.84,1,0.729,0.25
"2021-09-09 13:00:00",235423,13.28,0.481,12.95,1,0.73,0.25
"2021-09-09 13:15:00",235424,13.28,0.481,13.03,1,0.731,0.25
"2021-09-09 13:30:00",235425,13.28,0.481,13.22,1,0.73,0.25
"2021-09-09 13:45:00",235426,13.27,0.485,13.39,1,0.734,0.25
"2021-09-09 14:00:00",235427,13.26,0.487,13.53,1,0.737,0.25
"2021-09-09 14:15:00",235428,13.26,0.49,13.68,1,0.74,0.25
"2021-09-09 14:30:00",235429,13.24,0.491,13.82,1,0.741,0.25
"2021-09-09 14:45:00",235430,13.23,0.493,14,1,0.743,0.25
"2021-09-09 15:00:00",235431,13.22,0.494,14.35,1,0.744,0.25
"2021-09-09 15:15:00",235432,13.21,0.493,14.68,1,0.743,0.25
"2021-09-09 15:30:00",235433,13.2,0.495,14.87,1,0.744,0.25
"2021-09-09 15:45:00",235434,13.2,0.494,14.97,1,0.744,0.25
"2021-09-09 16:00:00",235435,13.21,0.494,15.09,1,0.744,0.25
"2021-09-09 16:15:00",235436,13.22,0.495,15.26,1,0.744,0.25
"2021-09-09 16:30:00",235437,13.22,0.496,15.35,1,0.746,0.25
"2021-09-09 16:45:00",235438,13.17,0.496,15.41,1,0.745,0.25
"2021-09-09 17:00:00",235439,13.23,0.497,15.43,1,0.747,0.25
"2021-09-09 17:15:00",235440,13.24,0.497,15.5,1,0.747,0.25
"2021-09-09 17:30:00",235441,13.2,0.497,15.58,1,0.747,0.25
"2021-09-09 17:45:00",235442,13.17,0.498,15.62,1,0.748,0.25
"2021-09-09 18:00:00",235443,13.16,0.498,15.65,1,0.748,0.25
"2021-09-09 18:15:00",235444,13.15,0.499,15.68,1,0.748,0.25
"2021-09-09 18:30:00",235445,13.13,0.498,15.68,1,0.747,0.25
"2021-09-09 18:45:00",235446,13.11,0.498,15.68,1,0.748,0.25
"2021-09-09 19:00:00",235447,13.09,0.499,15.68,1,0.748,0.25
"2021-09-09 19:15:00",235448,13.08,0.499,15.67,1,0.749,0.25
"2021-09-09 19:30:00",235449,13.06,0.499,15.64,1,0.748,0.25
"2021-09-09 19:45:00",235450,13.05,0.499,15.61,1,0.749,0.25
"2021-09-09 20:00:00",235451,13.03,0.499,15.56,1,0.748,0.25
"2021-09-09 20:15:00",235452,13.01,0.499,15.49,1,0.748,0.25
"2021-09-09 20:30:00",235453,13,0.498,15.43,1,0.748,0.25
"2021-09-09 20:45:00",235454,12.98,0.498,15.35,1,0.748,0.25
"2021-09-09 21:00:00",235455,12.97,0.498,15.27,1,0.748,0.25
"2021-09-09 21:15:00",235456,12.96,0.498,15.18,1,0.748,0.25
"2021-09-09 21:30:00",235457,12.94,0.497,15.08,1,0.747,0.25
"2021-09-09 21:45:00",235458,12.93,0.497,14.97,1,0.747,0.25
"2021-09-09 22:00:00",235459,12.92,0.498,14.85,1,0.748,0.25
"2021-09-09 22:15:00",235460,12.9,0.498,14.73,1,0.747,0.25
"2021-09-09 22:30:00",235461,12.89,0.498,14.61,1,0.747,0.25
"2021-09-09 22:45:00",235462,12.88,0.497,14.51,1,0.746,0.25
"2021-09-09 23:00:00",235463,12.87,0.5,14.4,1,0.749,0.25
"2021-09-09 23:15:00",235464,12.86,0.505,14.28,1,0.755,0.25
"2021-09-09 23:30:00",235465,12.84,0.508,14.16,1,0.758,0.25
"2021-09-09 23:45:00",235466,12.83,0.507,14.08,1,0.756,0.25
"2021-09-10 00:00:00",235467,12.82,0.507,14,1,0.757,0.25
"2021-09-10 00:15:00",235468,12.81,0.508,13.88,1,0.757,0.25
"2021-09-10 00:30:00",235469,12.8,0.508,13.78,1,0.758,0.25
"2021-09-10 00:45:00",235470,12.79,0.506,13.69,1,0.756,0.25
"2021-09-10 01:00:00",235471,12.77,0.504,13.6,1,0.754,0.25
"2021-09-10 01:15:00",235472,12.76,0.502,13.5,1,0.752,0.25
"2021-09-10 01:30:00",235473,12.76,0.501,13.42,1,0.751,0.25
"2021-09-10 01:45:00",235474,12.75,0.499,13.33,1,0.749,0.25
"2021-09-10 02:00:00",235475,12.74,0.497,13.25,1,0.747,0.25
"2021-09-10 02:15:00",235476,12.72,0.498,13.18,1,0.748,0.25
"2021-09-10 02:30:00",235477,12.71,0.502,13.09,1,0.752,0.25
"2021-09-10 02:45:00",235478,12.7,0.505,13.01,1,0.754,0.25
"2021-09-10 03:00:00",235479,12.69,0.505,12.93,1,0.754,0.25
"2021-09-10 03:15:00",235480,12.68,0.504,12.84,1,0.754,0.25
"2021-09-10 03:30:00",235481,12.68,0.503,12.75,1,0.752,0.25
"2021-09-10 03:45:00",235482,12.66,0.502,12.66,1,0.752,0.25
"2021-09-10 04:00:00",235483,12.66,0.502,12.59,1,0.752,0.25
"2021-09-10 04:15:00",235484,12.65,0.5,12.51,1,0.75,0.25
"2021-09-10 04:30:00",235485,12.64,0.5,12.44,1,0.75,0.25
"2021-09-10 04:45:00",235486,12.63,0.5,12.38,1,0.75,0.25
"2021-09-10 05:00:00",235487,12.62,0.499,12.33,1,0.749,0.25
"2021-09-10 05:15:00",235488,12.62,0.5,12.26,1,0.75,0.25
"2021-09-10 05:30:00",235489,12.61,0.498,12.2,1,0.748,0.25
"2021-09-10 05:45:00",235490,12.6,0.499,12.14,1,0.748,0.25
"2021-09-10 06:00:00",235491,12.59,0.497,12.09,1,0.746,0.25
"2021-09-10 06:15:00",235492,12.58,0.498,12.03,1,0.747,0.25
"2021-09-10 06:30:00",235493,12.58,0.499,11.98,1,0.749,0.25
"2021-09-10 06:45:00",235494,12.57,0.498,11.94,1,0.748,0.25
"2021-09-10 07:00:00",235495,12.57,0.496,11.9,1,0.746,0.25
"2021-09-10 07:15:00",235496,12.56,0.497,11.87,1,0.747,0.25
"2021-09-10 07:30:00",235497,12.56,0.497,11.82,1,0.747,0.25
"2021-09-10 07:45:00",235498,12.61,0.497,11.79,1,0.747,0.25
"2021-09-10 08:00:00",235499,12.62,0.498,11.78,1,0.748,0.25
"2021-09-10 08:15:00",235500,12.6,0.499,11.77,1,0.749,0.25
"2021-09-10 08:30:00",235501,12.61,0.5,11.75,1,0.75,0.25
"2021-09-10 08:45:00",235502,12.79,0.501,11.76,1,0.751,0.25
"2021-09-10 09:00:00",235503,12.74,0.503,11.77,1,0.753,0.25
"2021-09-10 09:15:00",235504,12.99,0.504,11.8,1,0.754,0.25
"2021-09-10 09:30:00",235505,13.17,0.507,11.91,1,0.757,0.25
"2021-09-10 09:45:00",235506,13.18,0.51,11.91,1,0.76,0.25
"2021-09-10 10:00:00",235507,13.32,0.514,11.91,1,0.763,0.25
"2021-09-10 10:15:00",235508,13.42,0.516,11.98,1,0.766,0.25
"2021-09-10 10:30:00",235509,13.42,0.519,12.06,1,0.769,0.25
"2021-09-10 10:45:00",235510,13.42,0.522,12.16,1,0.772,0.25
"2021-09-10 11:00:00",235511,13.42,0.523,12.35,1,0.773,0.25
"2021-09-10 11:15:00",235512,13.41,0.526,12.58,1,0.776,0.25
"2021-09-10 11:30:00",235513,13.4,0.527,12.81,1,0.777,0.25
"2021-09-10 11:45:00",235514,13.39,0.528,13.06,1,0.778,0.25
"2021-09-10 12:00:00",235515,13.38,0.53,13.26,1,0.78,0.25
"2021-09-10 12:15:00",235516,13.38,0.531,13.44,1,0.78,0.25
"2021-09-10 12:30:00",235517,13.38,0.53,13.54,1,0.78,0.25
"2021-09-10 12:45:00",235518,13.37,0.532,13.66,1,0.782,0.25
"2021-09-10 13:00:00",235519,13.35,0.532,13.78,1,0.781,0.25
"2021-09-10 13:15:00",235520,13.35,0.532,13.97,1,0.781,0.25
"2021-09-10 13:30:00",235521,13.35,0.531,14.26,1,0.78,0.25
"2021-09-10 13:45:00",235522,13.35,0.533,14.48,1,0.782,0.25
"2021-09-10 14:00:00",235523,13.35,0.537,14.68,1,0.787,0.25
"2021-09-10 14:15:00",235524,13.34,0.54,14.8,1,0.789,0.25
"2021-09-10 14:30:00",235525,13.33,0.539,14.91,1,0.789,0.25
"2021-09-10 14:45:00",235526,13.31,0.541,15.05,1,0.791,0.25
"2021-09-10 15:00:00",235527,13.31,0.541,15.16,1,0.791,0.25
"2021-09-10 15:15:00",235528,13.3,0.54,15.26,1,0.79,0.25
"2021-09-10 15:30:00",235529,13.29,0.539,15.37,1,0.789,0.25
"2021-09-10 15:45:00",235530,13.29,0.542,15.47,1,0.791,0.25
"2021-09-10 16:00:00",235531,13.3,0.539,15.53,1,0.788,0.25
"2021-09-10 16:15:00",235532,13.3,0.537,15.59,1,0.787,0.25
"2021-09-10 16:30:00",235533,13.3,0.537,15.64,1,0.787,0.25
"2021-09-10 16:45:00",235534,13.33,0.54,15.66,1,0.789,0.25
"2021-09-10 17:00:00",235535,13.3,0.54,15.63,1,0.789,0.25
"2021-09-10 17:15:00",235536,13.3,0.539,15.58,1,0.789,0.25
"2021-09-10 17:30:00",235537,13.27,0.541,15.51,1,0.79,0.25
"2021-09-10 17:45:00",235538,13.24,0.539,15.44,1,0.789,0.25
"2021-09-10 18:00:00",235539,13.22,0.537,15.37,1,0.786,0.25
"2021-09-10 18:15:00",235540,13.2,0.538,15.29,1,0.788,0.25
"2021-09-10 18:30:00",235541,13.18,0.537,15.24,1,0.787,0.25
"2021-09-10 18:45:00",235542,13.16,0.537,15.14,1,0.787,0.25
"2021-09-10 19:00:00",235543,13.14,0.536,15.04,1,0.786,0.25
"2021-09-10 19:15:00",235544,13.13,0.535,14.93,1,0.785,0.25
"2021-09-10 19:30:00",235545,13.11,0.536,14.81,1,0.786,0.25
"2021-09-10 19:45:00",235546,13.09,0.535,14.68,1,0.785,0.25
"2021-09-10 20:00:00",235547,13.08,0.535,14.58,1,0.785,0.25
"2021-09-10 20:15:00",235548,13.07,0.536,14.43,1,0.785,0.25
"2021-09-10 20:30:00",235549,13.05,0.535,14.28,1,0.785,0.25
"2021-09-10 20:45:00",235550,13.04,0.535,14.16,1,0.785,0.25
"2021-09-10 21:00:00",235551,13.02,0.535,14.03,1,0.784,0.25
"2021-09-10 21:15:00",235552,13.01,0.535,13.9,1,0.785,0.25
"2021-09-10 21:30:00",235553,13,0.535,13.77,1,0.785,0.25
"2021-09-10 21:45:00",235554,12.99,0.535,13.63,1,0.784,0.25
"2021-09-10 22:00:00",235555,12.97,0.534,13.52,1,0.784,0.25
"2021-09-10 22:15:00",235556,12.96,0.534,13.41,1,0.784,0.25
"2021-09-10 22:30:00",235557,12.94,0.534,13.29,1,0.784,0.25
"2021-09-10 22:45:00",235558,12.93,0.535,13.16,1,0.784,0.25
"2021-09-10 23:00:00",235559,12.92,0.534,13.04,1,0.783,0.25
"2021-09-10 23:15:00",235560,12.91,0.533,12.94,1,0.783,0.25
"2021-09-10 23:30:00",235561,12.9,0.533,12.83,1,0.783,0.25
"2021-09-10 23:45:00",235562,12.89,0.533,12.71,1,0.783,0.25
"2021-09-11 00:00:00",235563,12.88,0.533,12.59,1,0.783,0.25
"2021-09-11 00:15:00",235564,12.86,0.532,12.49,1,0.781,0.25
"2021-09-11 00:30:00",235565,12.85,0.532,12.39,1,0.782,0.25
"2021-09-11 00:45:00",235566,12.84,0.531,12.29,1,0.781,0.25
"2021-09-11 01:00:00",235567,12.83,0.531,12.19,1,0.781,0.25
"2021-09-11 01:15:00",235568,12.82,0.53,12.09,1,0.78,0.25
"2021-09-11 01:30:00",235569,12.8,0.53,12,1,0.78,0.25
"2021-09-11 01:45:00",235570,12.79,0.53,11.91,1,0.78,0.25
"2021-09-11 02:00:00",235571,12.78,0.529,11.82,1,0.779,0.25
"2021-09-11 02:15:00",235572,12.77,0.529,11.73,1,0.779,0.25
"2021-09-11 02:30:00",235573,12.76,0.529,11.64,1,0.778,0.25
"2021-09-11 02:45:00",235574,12.75,0.527,11.57,1,0.777,0.25
"2021-09-11 03:00:00",235575,12.74,0.528,11.5,1,0.777,0.25
"2021-09-11 03:15:00",235576,12.73,0.527,11.43,1,0.776,0.25
"2021-09-11 03:30:00",235577,12.72,0.526,11.37,1,0.776,0.25
"2021-09-11 03:45:00",235578,12.71,0.526,11.31,1,0.776,0.25
"2021-09-11 04:00:00",235579,12.7,0.526,11.24,1,0.776,0.25
"2021-09-11 04:15:00",235580,12.69,0.526,11.18,1,0.775,0.25
"2021-09-11 04:30:00",235581,12.68,0.526,11.13,1,0.775,0.25
"2021-09-11 04:45:00",235582,12.67,0.523,11.07,1,0.773,0.25
"2021-09-11 05:00:00",235583,12.66,0.522,11.01,1,0.771,0.25
"2021-09-11 05:15:00",235584,12.65,0.52,10.95,1,0.77,0.25
"2021-09-11 05:30:00",235585,12.64,0.521,10.89,1,0.77,0.25
"2021-09-11 05:45:00",235586,12.63,0.52,10.83,1,0.769,0.25
"2021-09-11 06:00:00",235587,12.63,0.519,10.77,1,0.769,0.25
"2021-09-11 06:15:00",235588,12.62,0.519,10.71,1,0.769,0.25
"2021-09-11 06:30:00",235589,12.61,0.52,10.64,1,0.769,0.25
"2021-09-11 06:45:00",235590,12.6,0.52,10.59,1,0.77,0.25
"2021-09-11 07:00:00",235591,12.6,0.519,10.53,1,0.769,0.25
"2021-09-11 07:15:00",235592,12.59,0.519,10.48,1,0.769,0.25
"2021-09-11 07:30:00",235593,12.58,0.522,10.43,1,0.772,0.25
"2021-09-11 07:45:00",235594,12.57,0.523,10.38,1,0.773,0.25
"2021-09-11 08:00:00",235595,12.58,0.525,10.34,1,0.775,0.25
"2021-09-11 08:15:00",235596,12.62,0.526,10.32,1,0.776,0.25
"2021-09-11 08:30:00",235597,12.76,0.527,10.31,1,0.776,0.25
"2021-09-11 08:45:00",235598,12.98,0.527,10.3,1,0.776,0.25
"2021-09-11 09:00:00",235599,13.45,0.528,10.31,1,0.777,0.25
"2021-09-11 09:15:00",235600,13.52,0.528,10.39,1,0.778,0.25
"2021-09-11 09:30:00",235601,13.51,0.528,10.62,1,0.778,0.25
"2021-09-11 09:45:00",235602,13.49,0.529,10.81,1,0.779,0.25
"2021-09-11 10:00:00",235603,13.44,0.529,10.94,1,0.779,0.25
"2021-09-11 10:15:00",235604,13.44,0.529,10.99,1,0.779,0.25
"2021-09-11 10:30:00",235605,13.47,0.529,11.05,1,0.778,0.25
"2021-09-11 10:45:00",235606,13.47,0.529,11.18,1,0.779,0.25
"2021-09-11 11:00:00",235607,13.46,0.529,11.29,1,0.779,0.25
"2021-09-11 11:15:00",235608,13.44,0.53,11.53,1,0.779,0.25
"2021-09-11 11:30:00",235609,13.42,0.53,11.87,1,0.779,0.25
"2021-09-11 11:45:00",235610,13.43,0.529,11.98,1,0.779,0.25
"2021-09-11 12:00:00",235611,13.42,0.53,12.19,1,0.78,0.25
"2021-09-11 12:15:00",235612,13.41,0.531,12.54,1,0.781,0.25
"2021-09-11 12:30:00",235613,13.39,0.533,12.85,1,0.783,0.25
"2021-09-11 12:45:00",235614,13.37,0.532,13.17,1,0.782,0.25
"2021-09-11 13:00:00",235615,13.35,0.532,13.52,1,0.782,0.25
"2021-09-11 13:15:00",235616,13.34,0.533,13.82,1,0.783,0.25
"2021-09-11 13:30:00",235617,13.34,0.531,14.16,1,0.78,0.25
"2021-09-11 13:45:00",235618,13.34,0.531,14.39,1,0.781,0.25
"2021-09-11 14:00:00",235619,13.34,0.532,14.65,1,0.782,0.25
"2021-09-11 14:15:00",235620,13.33,0.531,14.96,1,0.781,0.25
"2021-09-11 14:30:00",235621,13.31,0.53,15.16,1,0.78,0.25
"2021-09-11 14:45:00",235622,13.3,0.53,15.44,1,0.78,0.25
"2021-09-11 15:00:00",235623,13.29,0.532,15.6,1,0.781,0.25
"2021-09-11 15:15:00",235624,13.27,0.529,15.81,1,0.779,0.25
"2021-09-11 15:30:00",235625,13.26,0.528,15.98,1,0.777,0.25
"2021-09-11 15:45:00",235626,13.26,0.527,16.08,1,0.777,0.25
"2021-09-11 16:00:00",235627,13.27,0.523,16.2,1,0.773,0.25
"2021-09-11 16:15:00",235628,13.28,0.525,16.33,1,0.775,0.25
"2021-09-11 16:30:00",235629,13.3,0.524,16.4,1,0.774,0.25
"2021-09-11 16:45:00",235630,13.3,0.523,16.44,1,0.773,0.25
"2021-09-11 17:00:00",235631,13.31,0.523,16.48,1,0.773,0.25
"2021-09-11 17:15:00",235632,13.31,0.525,16.49,1,0.775,0.25
"2021-09-11 17:30:00",235633,13.27,0.526,16.47,1,0.775,0.25
"2021-09-11 17:45:00",235634,13.24,0.525,16.45,1,0.774,0.25
"2021-09-11 18:00:00",235635,13.22,0.524,16.44,1,0.774,0.25
"2021-09-11 18:15:00",235636,13.2,0.526,16.41,1,0.775,0.25
"2021-09-11 18:30:00",235637,13.18,0.526,16.36,1,0.775,0.25
"2021-09-11 18:45:00",235638,13.16,0.527,16.27,1,0.777,0.25
"2021-09-11 19:00:00",235639,13.14,0.529,16.18,1,0.779,0.25
"2021-09-11 19:15:00",235640,13.12,0.528,16.08,1,0.778,0.25
"2021-09-11 19:30:00",235641,13.11,0.528,15.95,1,0.778,0.25
"2021-09-11 19:45:00",235642,13.09,0.528,15.79,1,0.778,0.25
"2021-09-11 20:00:00",235643,13.07,0.527,15.62,1,0.777,0.25
"2021-09-11 20:15:00",235644,13.06,0.527,15.44,1,0.776,0.25
"2021-09-11 20:30:00",235645,13.05,0.527,15.29,1,0.777,0.25
"2021-09-11 20:45:00",235646,13.03,0.526,15.13,1,0.776,0.25
"2021-09-11 21:00:00",235647,13.02,0.527,14.96,1,0.776,0.25
"2021-09-11 21:15:00",235648,13,0.526,14.78,1,0.776,0.25
"2021-09-11 21:30:00",235649,12.99,0.526,14.62,1,0.775,0.25
"2021-09-11 21:45:00",235650,12.98,0.525,14.47,1,0.775,0.25
"2021-09-11 22:00:00",235651,12.96,0.525,14.3,1,0.775,0.25
"2021-09-11 22:15:00",235652,12.95,0.525,14.14,1,0.775,0.25
"2021-09-11 22:30:00",235653,12.94,0.524,13.96,1,0.774,0.25
"2021-09-11 22:45:00",235654,12.93,0.524,13.8,1,0.774,0.25
"2021-09-11 23:00:00",235655,12.92,0.524,13.65,1,0.773,0.25
"2021-09-11 23:15:00",235656,12.9,0.523,13.52,1,0.772,0.25
"2021-09-11 23:30:00",235657,12.89,0.523,13.36,1,0.773,0.25
"2021-09-11 23:45:00",235658,12.88,0.523,13.2,1,0.773,0.25
"2021-09-12 00:00:00",235659,12.87,0.522,13.06,1,0.772,0.25
"2021-09-12 00:15:00",235660,12.86,0.522,12.94,1,0.772,0.25
"2021-09-12 00:30:00",235661,12.85,0.521,12.8,1,0.771,0.25
"2021-09-12 00:45:00",235662,12.83,0.521,12.67,1,0.77,0.25
"2021-09-12 01:00:00",235663,12.82,0.52,12.54,1,0.769,0.25
"2021-09-12 01:15:00",235664,12.81,0.52,12.41,1,0.77,0.25
"2021-09-12 01:30:00",235665,12.8,0.52,12.3,1,0.769,0.25
"2021-09-12 01:45:00",235666,12.79,0.519,12.19,1,0.769,0.25
"2021-09-12 02:00:00",235667,12.78,0.518,12.07,1,0.768,0.25
"2021-09-12 02:15:00",235668,12.77,0.518,11.96,1,0.768,0.25
"2021-09-12 02:30:00",235669,12.76,0.518,11.86,1,0.767,0.25
"2021-09-12 02:45:00",235670,12.74,0.518,11.77,1,0.768,0.25
"2021-09-12 03:00:00",235671,12.73,0.517,11.67,1,0.767,0.25
"2021-09-12 03:15:00",235672,12.72,0.517,11.57,1,0.767,0.25
"2021-09-12 03:30:00",235673,12.71,0.516,11.48,1,0.766,0.25
"2021-09-12 03:45:00",235674,12.7,0.516,11.39,1,0.766,0.25
"2021-09-12 04:00:00",235675,12.69,0.516,11.31,1,0.765,0.25
"2021-09-12 04:15:00",235676,12.69,0.514,11.23,1,0.763,0.25
"2021-09-12 04:30:00",235677,12.68,0.512,11.15,1,0.762,0.25
"2021-09-12 04:45:00",235678,12.67,0.511,11.07,1,0.76,0.25
"2021-09-12 05:00:00",235679,12.66,0.51,10.99,1,0.759,0.25
"2021-09-12 05:15:00",235680,12.65,0.509,10.92,1,0.759,0.25
"2021-09-12 05:30:00",235681,12.63,0.509,10.84,1,0.758,0.25
"2021-09-12 05:45:00",235682,12.63,0.509,10.77,1,0.758,0.25
"2021-09-12 06:00:00",235683,12.62,0.508,10.71,1,0.758,0.25
"2021-09-12 06:15:00",235684,12.61,0.509,10.64,1,0.758,0.25
"2021-09-12 06:30:00",235685,12.6,0.508,10.57,1,0.757,0.25
"2021-09-12 06:45:00",235686,12.59,0.508,10.51,1,0.758,0.25
"2021-09-12 07:00:00",235687,12.59,0.509,10.45,1,0.759,0.25
"2021-09-12 07:15:00",235688,12.57,0.511,10.38,1,0.76,0.25
"2021-09-12 07:30:00",235689,12.57,0.514,10.32,1,0.763,0.25
"2021-09-12 07:45:00",235690,12.56,0.515,10.26,1,0.764,0.25
"2021-09-12 08:00:00",235691,12.58,0.516,10.21,1,0.765,0.25
"2021-09-12 08:15:00",235692,12.62,0.516,10.17,1,0.766,0.25
"2021-09-12 08:30:00",235693,12.74,0.517,10.15,1,0.766,0.25
"2021-09-12 08:45:00",235694,12.89,0.516,10.13,1,0.766,0.25
"2021-09-12 09:00:00",235695,13.16,0.516,10.12,1,0.766,0.25
"2021-09-12 09:15:00",235696,13.4,0.518,10.21,1,0.767,0.25
"2021-09-12 09:30:00",235697,13.53,0.518,10.43,1,0.768,0.25
"2021-09-12 09:45:00",235698,13.5,0.52,10.62,1,0.769,0.25
"2021-09-12 10:00:00",235699,13.49,0.519,10.81,1,0.769,0.25
"2021-09-12 10:15:00",235700,13.48,0.52,10.91,1,0.77,0.25
"2021-09-12 10:30:00",235701,13.47,0.52,10.98,1,0.77,0.25
"2021-09-12 10:45:00",235702,13.46,0.518,11.04,1,0.768,0.25
"2021-09-12 11:00:00",235703,13.44,0.522,11.16,1,0.771,0.25
"2021-09-12 11:15:00",235704,13.42,0.521,11.33,1,0.77,0.25
"2021-09-12 11:30:00",235705,13.41,0.522,11.54,1,0.772,0.25
"2021-09-12 11:45:00",235706,13.4,0.521,11.83,1,0.771,0.25
"2021-09-12 12:00:00",235707,13.39,0.52,12.1,1,0.77,0.25
"2021-09-12 12:15:00",235708,13.37,0.522,12.54,1,0.771,0.25
"2021-09-12 12:30:00",235709,13.35,0.522,12.89,1,0.772,0.25
"2021-09-12 12:45:00",235710,13.34,0.521,13.08,1,0.771,0.25
"2021-09-12 13:00:00",235711,13.32,0.523,13.34,1,0.772,0.25
"2021-09-12 13:15:00",235712,13.3,0.524,13.53,1,0.773,0.25
"2021-09-12 13:30:00",235713,13.3,0.523,13.91,1,0.772,0.25
"2021-09-12 13:45:00",235714,13.3,0.523,14.23,1,0.773,0.25
"2021-09-12 14:00:00",235715,13.29,0.522,14.52,1,0.772,0.25
"2021-09-12 14:15:00",235716,13.28,0.519,14.7,1,0.768,0.25
"2021-09-12 14:30:00",235717,13.28,0.517,14.84,1,0.767,0.25
"2021-09-12 14:45:00",235718,13.26,0.518,14.98,1,0.767,0.25
"2021-09-12 15:00:00",235719,13.25,0.518,15.14,1,0.767,0.25
"2021-09-12 15:15:00",235720,13.24,0.519,15.29,1,0.768,0.25
"2021-09-12 15:30:00",235721,13.23,0.518,15.42,1,0.768,0.25
"2021-09-12 15:45:00",235722,13.22,0.52,15.53,1,0.769,0.25
"2021-09-12 16:00:00",235723,13.23,0.518,15.7,1,0.768,0.25
"2021-09-12 16:15:00",235724,13.24,0.515,15.8,1,0.765,0.25
"2021-09-12 16:30:00",235725,13.24,0.518,15.84,1,0.767,0.25
"2021-09-12 16:45:00",235726,13.25,0.518,15.87,1,0.768,0.25
"2021-09-12 17:00:00",235727,13.27,0.518,15.93,1,0.768,0.25
"2021-09-12 17:15:00",235728,13.23,0.516,15.98,1,0.766,0.25
"2021-09-12 17:30:00",235729,13.2,0.516,16,1,0.766,0.25
"2021-09-12 17:45:00",235730,13.18,0.518,15.99,1,0.768,0.25
"2021-09-12 18:00:00",235731,13.16,0.521,15.97,1,0.77,0.25
"2021-09-12 18:15:00",235732,13.15,0.522,15.93,1,0.771,0.25
"2021-09-12 18:30:00",235733,13.12,0.523,15.86,1,0.772,0.25
"2021-09-12 18:45:00",235734,13.1,0.52,15.78,1,0.77,0.25
"2021-09-12 19:00:00",235735,13.09,0.521,15.69,1,0.771,0.25
"2021-09-12 19:15:00",235736,13.07,0.521,15.61,1,0.771,0.25
"2021-09-12 19:30:00",235737,13.05,0.52,15.51,1,0.77,0.25
"2021-09-12 19:45:00",235738,13.03,0.52,15.38,1,0.77,0.25
"2021-09-12 20:00:00",235739,13.02,0.52,15.22,1,0.769,0.25
"2021-09-12 20:15:00",235740,13.01,0.52,15.06,1,0.77,0.25
"2021-09-12 20:30:00",235741,13,0.52,14.9,1,0.769,0.25
"2021-09-12 20:45:00",235742,12.98,0.52,14.74,1,0.769,0.25
"2021-09-12 21:00:00",235743,12.97,0.519,14.59,1,0.769,0.25
"2021-09-12 21:15:00",235744,12.95,0.519,14.42,1,0.769,0.25
"2021-09-12 21:30:00",235745,12.94,0.518,14.25,1,0.768,0.25
"2021-09-12 21:45:00",235746,12.93,0.519,14.09,1,0.768,0.25
"2021-09-12 22:00:00",235747,12.92,0.518,13.93,1,0.767,0.25
"2021-09-12 22:15:00",235748,12.9,0.517,13.77,1,0.767,0.25
"2021-09-12 22:30:00",235749,12.89,0.517,13.61,1,0.766,0.25
"2021-09-12 22:45:00",235750,12.88,0.517,13.44,1,0.766,0.25
"2021-09-12 23:00:00",235751,12.87,0.517,13.28,1,0.766,0.25
"2021-09-12 23:15:00",235752,12.86,0.516,13.13,1,0.765,0.25
"2021-09-12 23:30:00",235753,12.85,0.515,12.99,1,0.765,0.25
"2021-09-12 23:45:00",235754,12.84,0.515,12.82,1,0.765,0.25
"2021-09-13 00:00:00",235755,12.82,0.514,12.65,1,0.764,0.25
"2021-09-13 00:15:00",235756,12.81,0.513,12.5,1,0.763,0.25
"2021-09-13 00:30:00",235757,12.8,0.513,12.33,1,0.763,0.25
"2021-09-13 00:45:00",235758,12.79,0.513,12.17,1,0.762,0.25
"2021-09-13 01:00:00",235759,12.78,0.512,12.02,1,0.762,0.25
"2021-09-13 01:15:00",235760,12.77,0.512,11.86,1,0.761,0.25
"2021-09-13 01:30:00",235761,12.76,0.511,11.72,1,0.761,0.25
"2021-09-13 01:45:00",235762,12.75,0.51,11.58,1,0.76,0.25
"2021-09-13 02:00:00",235763,12.73,0.51,11.43,1,0.759,0.25
"2021-09-13 02:15:00",235764,12.73,0.509,11.28,1,0.759,0.25
"2021-09-13 02:30:00",235765,12.71,0.509,11.13,1,0.759,0.25
"2021-09-13 02:45:00",235766,12.7,0.507,10.99,1,0.757,0.25
"2021-09-13 03:00:00",235767,12.69,0.507,10.88,1,0.757,0.25
"2021-09-13 03:15:00",235768,12.68,0.504,10.74,1,0.754,0.25
"2021-09-13 03:30:00",235769,12.67,0.503,10.61,1,0.752,0.25
"2021-09-13 03:45:00",235770,12.66,0.5,10.49,1,0.75,0.25
"2021-09-13 04:00:00",235771,12.65,0.499,10.37,1,0.749,0.25
"2021-09-13 04:15:00",235772,12.64,0.498,10.25,1,0.748,0.25
"2021-09-13 04:30:00",235773,12.63,0.498,10.13,1,0.748,0.25
"2021-09-13 04:45:00",235774,12.62,0.497,10.01,1,0.747,0.25
"2021-09-13 05:00:00",235775,12.61,0.497,9.91,1,0.747,0.25
"2021-09-13 05:15:00",235776,12.6,0.496,9.8,1,0.746,0.25
"2021-09-13 05:30:00",235777,12.59,0.496,9.69,1,0.746,0.25
"2021-09-13 05:45:00",235778,12.58,0.496,9.58,1,0.745,0.25
"2021-09-13 06:00:00",235779,12.58,0.495,9.48,1,0.745,0.25
"2021-09-13 06:15:00",235780,12.57,0.495,9.37,1,0.745,0.25
"2021-09-13 06:30:00",235781,12.56,0.496,9.26,1,0.746,0.25
"2021-09-13 06:45:00",235782,12.55,0.497,9.17,1,0.747,0.25
"2021-09-13 07:00:00",235783,12.55,0.5,9.08,1,0.749,0.25
"2021-09-13 07:15:00",235784,12.54,0.5,8.97,1,0.75,0.25
"2021-09-13 07:30:00",235785,12.53,0.501,8.87,1,0.751,0.25
"2021-09-13 07:45:00",235786,12.52,0.501,8.78,1,0.751,0.25
"2021-09-13 08:00:00",235787,12.55,0.501,8.71,1,0.75,0.25
"2021-09-13 08:15:00",235788,12.61,0.501,8.65,1,0.751,0.25
"2021-09-13 08:30:00",235789,12.74,0.501,8.6,1,0.751,0.25
"2021-09-13 08:45:00",235790,12.92,0.501,8.54,1,0.751,0.25
"2021-09-13 09:00:00",235791,13.52,0.5,8.52,1,0.75,0.25
"2021-09-13 09:15:00",235792,13.63,0.501,8.62,1,0.751,0.25
"2021-09-13 09:30:00",235793,13.6,0.502,8.85,1,0.751,0.25
"2021-09-13 09:45:00",235794,13.56,0.503,9.03,1,0.752,0.25
"2021-09-13 10:00:00",235795,13.54,0.503,9.19,1,0.753,0.25
"2021-09-13 10:15:00",235796,13.52,0.503,9.29,1,0.753,0.25
"2021-09-13 10:30:00",235797,13.51,0.503,9.35,1,0.753,0.25
"2021-09-13 10:45:00",235798,13.5,0.503,9.46,1,0.752,0.25
"2021-09-13 11:00:00",235799,13.48,0.504,9.62,1,0.754,0.25
"2021-09-13 11:15:00",235800,13.47,0.502,9.8,1,0.752,0.25
"2021-09-13 11:30:00",235801,13.46,0.5,9.98,1,0.75,0.25
"2021-09-13 11:45:00",235802,13.44,0.499,10.22,1,0.749,0.25
"2021-09-13 12:00:00",235803,13.42,0.5,10.38,1,0.75,0.25
"2021-09-13 12:15:00",235804,13.4,0.502,10.57,1,0.752,0.25
"2021-09-13 12:30:00",235805,13.38,0.505,10.86,1,0.755,0.25
"2021-09-13 12:45:00",235806,13.36,0.504,11.16,1,0.753,0.25
"2021-09-13 13:00:00",235807,13.34,0.504,11.48,1,0.754,0.25
"2021-09-13 13:15:00",235808,13.33,0.508,11.78,1,0.757,0.25
"2021-09-13 13:30:00",235809,13.32,0.502,12.07,1,0.751,0.25
"2021-09-13 13:45:00",235810,13.32,0.503,12.34,1,0.752,0.25
"2021-09-13 14:00:00",235811,13.31,0.505,12.64,1,0.754,0.25
"2021-09-13 14:15:00",235812,13.31,0.503,12.93,1,0.752,0.25
"2021-09-13 14:30:00",235813,13.3,0.503,13.16,1,0.752,0.25
"2021-09-13 14:45:00",235814,13.29,0.504,13.32,1,0.753,0.25
"2021-09-13 15:00:00",235815,13.27,0.504,13.44,1,0.754,0.25
"2021-09-13 15:15:00",235816,13.26,0.504,13.63,1,0.754,0.25
"2021-09-13 15:30:00",235817,13.24,0.504,13.78,1,0.754,0.25
"2021-09-13 15:45:00",235818,13.23,0.505,13.92,1,0.755,0.25
"2021-09-13 16:00:00",235819,13.25,0.505,14.05,1,0.755,0.25
"2021-09-13 16:15:00",235820,13.26,0.503,14.19,1,0.753,0.25
"2021-09-13 16:30:00",235821,13.26,0.505,14.29,1,0.755,0.25
"2021-09-13 16:45:00",235822,13.27,0.506,14.34,1,0.756,0.25
"2021-09-13 17:00:00",235823,13.28,0.509,14.44,1,0.759,0.25
"2021-09-13 17:15:00",235824,13.26,0.511,14.51,1,0.761,0.25
"2021-09-13 17:30:00",235825,13.23,0.51,14.58,1,0.76,0.25
"2021-09-13 17:45:00",235826,13.2,0.512,14.64,1,0.762,0.25
"2021-09-13 18:00:00",235827,13.18,0.511,14.66,1,0.761,0.25
"2021-09-13 18:15:00",235828,13.16,0.51,14.67,1,0.76,0.25
"2021-09-13 18:30:00",235829,13.14,0.511,14.66,1,0.761,0.25
"2021-09-13 18:45:00",235830,13.12,0.512,14.63,1,0.761,0.25
"2021-09-13 19:00:00",235831,13.1,0.511,14.57,1,0.76,0.25
"2021-09-13 19:15:00",235832,13.09,0.511,14.5,1,0.761,0.25
"2021-09-13 19:30:00",235833,13.07,0.511,14.4,1,0.761,0.25
"2021-09-13 19:45:00",235834,13.05,0.511,14.32,1,0.76,0.25
"2021-09-13 20:00:00",235835,13.04,0.511,14.23,1,0.761,0.25
"2021-09-13 20:15:00",235836,13.03,0.511,14.13,1,0.761,0.25
"2021-09-13 20:30:00",235837,13.01,0.51,14,1,0.76,0.25
"2021-09-13 20:45:00",235838,13,0.51,13.86,1,0.76,0.25
"2021-09-13 21:00:00",235839,12.99,0.51,13.71,1,0.76,0.25
"2021-09-13 21:15:00",235840,12.98,0.51,13.56,1,0.76,0.25
"2021-09-13 21:30:00",235841,12.96,0.511,13.42,1,0.76,0.25
"2021-09-13 21:45:00",235842,12.95,0.509,13.27,1,0.759,0.25
"2021-09-13 22:00:00",235843,12.93,0.51,13.12,1,0.759,0.25
"2021-09-13 22:15:00",235844,12.92,0.51,12.97,1,0.759,0.25
"2021-09-13 22:30:00",235845,12.91,0.51,12.82,1,0.759,0.25
"2021-09-13 22:45:00",235846,12.89,0.509,12.66,1,0.758,0.25
"2021-09-13 23:00:00",235847,12.89,0.508,12.52,1,0.758,0.25
"2021-09-13 23:15:00",235848,12.88,0.508,12.38,1,0.758,0.25
"2021-09-13 23:30:00",235849,12.86,0.507,12.24,1,0.757,0.25
"2021-09-13 23:45:00",235850,12.85,0.507,12.09,1,0.757,0.25
"2021-09-14 00:00:00",235851,12.84,0.507,11.95,1,0.757,0.25
"2021-09-14 00:15:00",235852,12.83,0.506,11.82,1,0.756,0.25
"2021-09-14 00:30:00",235853,12.82,0.505,11.68,1,0.755,0.25
"2021-09-14 00:45:00",235854,12.8,0.505,11.53,1,0.755,0.25
"2021-09-14 01:00:00",235855,12.79,0.505,11.4,1,0.754,0.25
"2021-09-14 01:15:00",235856,12.78,0.504,11.28,1,0.754,0.25
"2021-09-14 01:30:00",235857,12.77,0.504,11.15,1,0.754,0.25
"2021-09-14 01:45:00",235858,12.76,0.504,11.03,1,0.753,0.25
"2021-09-14 02:00:00",235859,12.75,0.503,10.9,1,0.753,0.25
"2021-09-14 02:15:00",235860,12.74,0.503,10.79,1,0.752,0.25
"2021-09-14 02:30:00",235861,12.73,0.502,10.68,1,0.752,0.25
"2021-09-14 02:45:00",235862,12.72,0.502,10.56,1,0.752,0.25
"2021-09-14 03:00:00",235863,12.71,0.501,10.44,1,0.751,0.25
"2021-09-14 03:15:00",235864,12.7,0.501,10.33,1,0.751,0.25
"2021-09-14 03:30:00",235865,12.69,0.5,10.23,1,0.75,0.25
"2021-09-14 03:45:00",235866,12.68,0.5,10.13,1,0.75,0.25
"2021-09-14 04:00:00",235867,12.67,0.499,10.04,1,0.749,0.25
"2021-09-14 04:15:00",235868,12.66,0.499,9.95,1,0.749,0.25
"2021-09-14 04:30:00",235869,12.65,0.499,9.85,1,0.749,0.25
"2021-09-14 04:45:00",235870,12.65,0.498,9.76,1,0.748,0.25
"2021-09-14 05:00:00",235871,12.63,0.498,9.68,1,0.748,0.25
"2021-09-14 05:15:00",235872,12.62,0.498,9.59,1,0.748,0.25
"2021-09-14 05:30:00",235873,12.62,0.497,9.51,1,0.747,0.25
"2021-09-14 05:45:00",235874,12.61,0.497,9.44,1,0.747,0.25
"2021-09-14 06:00:00",235875,12.6,0.497,9.35,1,0.746,0.25
"2021-09-14 06:15:00",235876,12.59,0.497,9.28,1,0.747,0.25
"2021-09-14 06:30:00",235877,12.58,0.496,9.21,1,0.746,0.25
"2021-09-14 06:45:00",235878,12.57,0.496,9.15,1,0.746,0.25
"2021-09-14 07:00:00",235879,12.57,0.496,9.09,1,0.746,0.25
"2021-09-14 07:15:00",235880,12.56,0.496,9.02,1,0.746,0.25
"2021-09-14 07:30:00",235881,12.55,0.495,8.96,1,0.745,0.25
"2021-09-14 07:45:00",235882,12.55,0.495,8.91,1,0.745,0.25
"2021-09-14 08:00:00",235883,12.56,0.496,8.86,1,0.745,0.25
"2021-09-14 08:15:00",235884,12.61,0.495,8.83,1,0.745,0.25
"2021-09-14 08:30:00",235885,12.73,0.493,8.82,1,0.743,0.25
"2021-09-14 08:45:00",235886,12.87,0.491,8.81,1,0.741,0.25
"2021-09-14 09:00:00",235887,13.12,0.49,8.81,1,0.74,0.25
"2021-09-14 09:15:00",235888,13.34,0.491,8.92,1,0.74,0.25
"2021-09-14 09:30:00",235889,13.45,0.491,9.15,1,0.74,0.25
"2021-09-14 09:45:00",235890,13.45,0.49,9.37,1,0.74,0.25
"2021-09-14 10:00:00",235891,13.44,0.491,9.56,1,0.741,0.25
"2021-09-14 10:15:00",235892,13.44,0.491,9.65,1,0.74,0.25
"2021-09-14 10:30:00",235893,13.43,0.492,9.71,1,0.742,0.25
"2021-09-14 10:45:00",235894,13.42,0.491,9.79,1,0.741,0.25
"2021-09-14 11:00:00",235895,13.42,0.491,9.86,1,0.741,0.25
"2021-09-14 11:15:00",235896,13.4,0.492,10.02,1,0.742,0.25
"2021-09-14 11:30:00",235897,13.39,0.493,10.31,1,0.742,0.25
"2021-09-14 11:45:00",235898,13.38,0.493,10.45,1,0.742,0.25
"2021-09-14 12:00:00",235899,13.37,0.492,10.68,1,0.742,0.25
"2021-09-14 12:15:00",235900,13.35,0.493,10.91,1,0.743,0.25
"2021-09-14 12:30:00",235901,13.33,0.494,11.25,1,0.743,0.25
"2021-09-14 12:45:00",235902,13.31,0.495,11.55,1,0.745,0.25
"2021-09-14 13:00:00",235903,13.29,0.495,11.78,1,0.745,0.25
"2021-09-14 13:15:00",235904,13.28,0.497,12.08,1,0.747,0.25
"2021-09-14 13:30:00",235905,13.28,0.501,12.34,1,0.75,0.25
"2021-09-14 13:45:00",235906,13.27,0.503,12.6,1,0.753,0.25
"2021-09-14 14:00:00",235907,13.28,0.5,12.91,1,0.75,0.25
"2021-09-14 14:15:00",235908,13.27,0.504,13.17,1,0.754,0.25
"2021-09-14 14:30:00",235909,13.26,0.505,13.38,1,0.755,0.25
"2021-09-14 14:45:00",235910,13.25,0.504,13.54,1,0.754,0.25
"2021-09-14 15:00:00",235911,13.24,0.504,13.65,1,0.754,0.25
"2021-09-14 15:15:00",235912,13.23,0.503,13.77,1,0.752,0.25
"2021-09-14 15:30:00",235913,13.22,0.5,13.93,1,0.75,0.25
"2021-09-14 15:45:00",235914,13.21,0.498,14.1,1,0.748,0.25
"2021-09-14 16:00:00",235915,13.22,0.498,14.29,1,0.748,0.25
"2021-09-14 16:15:00",235916,13.24,0.499,14.43,1,0.749,0.25
"2021-09-14 16:30:00",235917,13.24,0.499,14.53,1,0.749,0.25
"2021-09-14 16:45:00",235918,13.25,0.5,14.6,1,0.75,0.25
"2021-09-14 17:00:00",235919,13.26,0.499,14.67,1,0.749,0.25
"2021-09-14 17:15:00",235920,13.24,0.499,14.71,1,0.749,0.25
"2021-09-14 17:30:00",235921,13.22,0.499,14.76,1,0.749,0.25
"2021-09-14 17:45:00",235922,13.19,0.501,14.78,1,0.75,0.25
"2021-09-14 18:00:00",235923,13.16,0.502,14.82,1,0.752,0.25
"2021-09-14 18:15:00",235924,13.14,0.504,14.84,1,0.754,0.25
"2021-09-14 18:30:00",235925,13.12,0.505,14.84,1,0.755,0.25
"2021-09-14 18:45:00",235926,13.11,0.505,14.8,1,0.754,0.25
"2021-09-14 19:00:00",235927,13.09,0.506,14.77,1,0.755,0.25
"2021-09-14 19:15:00",235928,13.07,0.505,14.7,1,0.755,0.25
"2021-09-14 19:30:00",235929,13.05,0.505,14.62,1,0.754,0.25
"2021-09-14 19:45:00",235930,13.04,0.505,14.55,1,0.754,0.25
"2021-09-14 20:00:00",235931,13.03,0.505,14.46,1,0.754,0.25
"2021-09-14 20:15:00",235932,13.01,0.505,14.36,1,0.754,0.25
"2021-09-14 20:30:00",235933,12.99,0.505,14.25,1,0.754,0.25
"2021-09-14 20:45:00",235934,12.99,0.505,14.13,1,0.754,0.25
"2021-09-14 21:00:00",235935,12.97,0.504,14.01,1,0.754,0.25
"2021-09-14 21:15:00",235936,12.95,0.504,13.87,1,0.754,0.25
"2021-09-14 21:30:00",235937,12.94,0.504,13.74,1,0.754,0.25
"2021-09-14 21:45:00",235938,12.93,0.505,13.6,1,0.754,0.25
"2021-09-14 22:00:00",235939,12.92,0.504,13.46,1,0.753,0.25
"2021-09-14 22:15:00",235940,12.9,0.503,13.31,1,0.753,0.25
"2021-09-14 22:30:00",235941,12.89,0.503,13.16,1,0.753,0.25
"2021-09-14 22:45:00",235942,12.88,0.503,13.02,1,0.753,0.25
"2021-09-14 23:00:00",235943,12.87,0.503,12.89,1,0.753,0.25
"2021-09-14 23:15:00",235944,12.86,0.503,12.75,1,0.752,0.25
"2021-09-14 23:30:00",235945,12.84,0.502,12.6,1,0.751,0.25
"2021-09-14 23:45:00",235946,12.83,0.501,12.46,1,0.751,0.25
"2021-09-15 00:00:00",235947,12.83,0.502,12.32,1,0.751,0.25
"2021-09-15 00:15:00",235948,12.82,0.501,12.19,1,0.75,0.25
"2021-09-15 00:30:00",235949,12.8,0.5,12.07,1,0.75,0.25
"2021-09-15 00:45:00",235950,12.79,0.499,11.94,1,0.749,0.25
"2021-09-15 01:00:00",235951,12.78,0.499,11.81,1,0.748,0.25
"2021-09-15 01:15:00",235952,12.77,0.498,11.68,1,0.747,0.25
"2021-09-15 01:30:00",235953,12.76,0.498,11.54,1,0.748,0.25
"2021-09-15 01:45:00",235954,12.75,0.497,11.41,1,0.747,0.25
"2021-09-15 02:00:00",235955,12.73,0.497,11.28,1,0.747,0.25
"2021-09-15 02:15:00",235956,12.73,0.496,11.16,1,0.746,0.25
"2021-09-15 02:30:00",235957,12.72,0.496,11.04,1,0.746,0.25
"2021-09-15 02:45:00",235958,12.71,0.496,10.93,1,0.746,0.25
"2021-09-15 03:00:00",235959,12.69,0.495,10.81,1,0.745,0.25
"2021-09-15 03:15:00",235960,12.69,0.494,10.7,1,0.744,0.25
"2021-09-15 03:30:00",235961,12.68,0.494,10.59,1,0.744,0.25
"2021-09-15 03:45:00",235962,12.67,0.494,10.48,1,0.743,0.25
"2021-09-15 04:00:00",235963,12.66,0.493,10.37,1,0.743,0.25
"2021-09-15 04:15:00",235964,12.64,0.492,10.27,1,0.742,0.25
"2021-09-15 04:30:00",235965,12.64,0.492,10.18,1,0.741,0.25
"2021-09-15 04:45:00",235966,12.63,0.491,10.09,1,0.741,0.25
"2021-09-15 05:00:00",235967,12.62,0.491,10,1,0.74,0.25
"2021-09-15 05:15:00",235968,12.61,0.491,9.9,1,0.74,0.25
"2021-09-15 05:30:00",235969,12.6,0.49,9.79,1,0.74,0.25
"2021-09-15 05:45:00",235970,12.6,0.49,9.71,1,0.74,0.25
"2021-09-15 06:00:00",235971,12.59,0.49,9.63,1,0.739,0.25
"2021-09-15 06:15:00",235972,12.58,0.489,9.56,1,0.739,0.25
"2021-09-15 06:30:00",235973,12.57,0.488,9.47,1,0.738,0.25
"2021-09-15 06:45:00",235974,12.56,0.489,9.37,1,0.738,0.25
"2021-09-15 07:00:00",235975,12.55,0.488,9.3,1,0.738,0.25
"2021-09-15 07:15:00",235976,12.54,0.488,9.23,1,0.738,0.25
"2021-09-15 07:30:00",235977,12.54,0.488,9.16,1,0.737,0.25
"2021-09-15 07:45:00",235978,12.53,0.488,9.09,1,0.737,0.25
"2021-09-15 08:00:00",235979,12.55,0.487,9.04,1,0.736,0.25
"2021-09-15 08:15:00",235980,12.6,0.485,8.99,1,0.734,0.25
"2021-09-15 08:30:00",235981,12.72,0.483,8.96,1,0.733,0.25
