"TOA5","DanaFk._297","CR800","15297","CR800.Std.11","CPU:DanaFk_downloaded_20210707.cr8","13686","T15min"
"TIMESTAMP","RECORD","BattV","Lvl_ft","Temp_C","Observed","Lvl_ft_corr","Offset"
"TS","RN","Volts","feet","deg C","","feet",""
"","","Smp","Smp","Smp","Smp","Smp","Smp"
"2021-08-25 16:15:00",233996,13.24,0.557,15.71,1,0.807,0.25
"2021-08-25 16:30:00",233997,13.26,0.557,15.76,1,0.807,0.25
"2021-08-25 16:45:00",233998,13.27,0.557,15.79,1,0.807,0.25
"2021-08-25 17:00:00",233999,13.28,0.556,15.77,1,0.805,0.25
"2021-08-25 17:15:00",234000,13.29,0.555,15.74,1,0.805,0.25
"2021-08-25 17:30:00",234001,13.3,0.555,15.67,1,0.804,0.25
"2021-08-25 17:45:00",234002,13.29,0.556,15.61,1,0.806,0.25
"2021-08-25 18:00:00",234003,13.25,0.554,15.52,1,0.804,0.25
"2021-08-25 18:15:00",234004,13.23,0.553,15.38,1,0.803,0.25
"2021-08-25 18:30:00",234005,13.21,0.554,15.25,1,0.804,0.25
"2021-08-25 18:45:00",234006,13.18,0.553,15.1,1,0.803,0.25
"2021-08-25 19:00:00",234007,13.16,0.553,14.9,1,0.802,0.25
"2021-08-25 19:15:00",234008,13.15,0.552,14.73,1,0.802,0.25
"2021-08-25 19:30:00",234009,13.13,0.552,14.51,1,0.802,0.25
"2021-08-25 19:45:00",234010,13.11,0.551,14.32,1,0.801,0.25
"2021-08-25 20:00:00",234011,13.09,0.551,14.12,1,0.801,0.25
"2021-08-25 20:15:00",234012,13.08,0.551,13.93,1,0.801,0.25
"2021-08-25 20:30:00",234013,13.07,0.55,13.75,1,0.799,0.25
"2021-08-25 20:45:00",234014,13.05,0.55,13.58,1,0.799,0.25
"2021-08-25 21:00:00",234015,13.04,0.55,13.41,1,0.799,0.25
"2021-08-25 21:15:00",234016,13.02,0.549,13.23,1,0.799,0.25
"2021-08-25 21:30:00",234017,13.01,0.548,13.06,1,0.798,0.25
"2021-08-25 21:45:00",234018,13,0.547,12.91,1,0.797,0.25
"2021-08-25 22:00:00",234019,12.99,0.547,12.75,1,0.797,0.25
"2021-08-25 22:15:00",234020,12.97,0.546,12.6,1,0.796,0.25
"2021-08-25 22:30:00",234021,12.96,0.546,12.45,1,0.796,0.25
"2021-08-25 22:45:00",234022,12.95,0.545,12.31,1,0.795,0.25
"2021-08-25 23:00:00",234023,12.94,0.544,12.16,1,0.794,0.25
"2021-08-25 23:15:00",234024,12.92,0.542,12.03,1,0.791,0.25
"2021-08-25 23:30:00",234025,12.91,0.54,11.88,1,0.789,0.25
"2021-08-25 23:45:00",234026,12.9,0.538,11.76,1,0.788,0.25
"2021-08-26 00:00:00",234027,12.89,0.537,11.63,1,0.787,0.25
"2021-08-26 00:15:00",234028,12.88,0.537,11.51,1,0.786,0.25
"2021-08-26 00:30:00",234029,12.86,0.536,11.38,1,0.786,0.25
"2021-08-26 00:45:00",234030,12.85,0.535,11.27,1,0.785,0.25
"2021-08-26 01:00:00",234031,12.84,0.534,11.16,1,0.784,0.25
"2021-08-26 01:15:00",234032,12.84,0.534,11.05,1,0.783,0.25
"2021-08-26 01:30:00",234033,12.82,0.533,10.94,1,0.783,0.25
"2021-08-26 01:45:00",234034,12.81,0.532,10.84,1,0.782,0.25
"2021-08-26 02:00:00",234035,12.8,0.532,10.74,1,0.782,0.25
"2021-08-26 02:15:00",234036,12.79,0.531,10.64,1,0.78,0.25
"2021-08-26 02:30:00",234037,12.78,0.531,10.54,1,0.781,0.25
"2021-08-26 02:45:00",234038,12.77,0.532,10.43,1,0.781,0.25
"2021-08-26 03:00:00",234039,12.75,0.533,10.34,1,0.783,0.25
"2021-08-26 03:15:00",234040,12.74,0.534,10.24,1,0.784,0.25
"2021-08-26 03:30:00",234041,12.73,0.534,10.14,1,0.784,0.25
"2021-08-26 03:45:00",234042,12.72,0.534,10.04,1,0.784,0.25
"2021-08-26 04:00:00",234043,12.71,0.534,9.94,1,0.784,0.25
"2021-08-26 04:15:00",234044,12.7,0.533,9.84,1,0.783,0.25
"2021-08-26 04:30:00",234045,12.69,0.533,9.75,1,0.783,0.25
"2021-08-26 04:45:00",234046,12.68,0.533,9.65,1,0.783,0.25
"2021-08-26 05:00:00",234047,12.67,0.533,9.56,1,0.783,0.25
"2021-08-26 05:15:00",234048,12.66,0.533,9.48,1,0.783,0.25
"2021-08-26 05:30:00",234049,12.65,0.533,9.38,1,0.783,0.25
"2021-08-26 05:45:00",234050,12.64,0.533,9.29,1,0.782,0.25
"2021-08-26 06:00:00",234051,12.63,0.533,9.2,1,0.782,0.25
"2021-08-26 06:15:00",234052,12.62,0.533,9.11,1,0.783,0.25
"2021-08-26 06:30:00",234053,12.61,0.534,9.02,1,0.783,0.25
"2021-08-26 06:45:00",234054,12.61,0.534,8.93,1,0.783,0.25
"2021-08-26 07:00:00",234055,12.6,0.535,8.86,1,0.784,0.25
"2021-08-26 07:15:00",234056,12.58,0.534,8.78,1,0.784,0.25
"2021-08-26 07:30:00",234057,12.58,0.535,8.7,1,0.785,0.25
"2021-08-26 07:45:00",234058,12.57,0.535,8.63,1,0.785,0.25
"2021-08-26 08:00:00",234059,12.61,0.536,8.57,1,0.786,0.25
"2021-08-26 08:15:00",234060,12.67,0.537,8.52,1,0.786,0.25
"2021-08-26 08:30:00",234061,12.77,0.538,8.49,1,0.788,0.25
"2021-08-26 08:45:00",234062,12.91,0.539,8.49,1,0.789,0.25
"2021-08-26 09:00:00",234063,13.1,0.539,8.48,1,0.789,0.25
"2021-08-26 09:15:00",234064,13.56,0.539,8.5,1,0.788,0.25
"2021-08-26 09:30:00",234065,13.59,0.538,8.6,1,0.788,0.25
"2021-08-26 09:45:00",234066,13.55,0.539,8.98,1,0.789,0.25
"2021-08-26 10:00:00",234067,13.53,0.539,9.25,1,0.789,0.25
"2021-08-26 10:15:00",234068,13.51,0.54,9.46,1,0.789,0.25
"2021-08-26 10:30:00",234069,13.5,0.54,9.61,1,0.79,0.25
"2021-08-26 10:45:00",234070,13.49,0.541,9.8,1,0.791,0.25
"2021-08-26 11:00:00",234071,13.48,0.542,9.93,1,0.792,0.25
"2021-08-26 11:15:00",234072,13.47,0.542,10.11,1,0.792,0.25
"2021-08-26 11:30:00",234073,13.46,0.543,10.33,1,0.793,0.25
"2021-08-26 11:45:00",234074,13.43,0.544,10.71,1,0.793,0.25
"2021-08-26 12:00:00",234075,13.42,0.546,11.05,1,0.796,0.25
"2021-08-26 12:15:00",234076,13.4,0.548,11.4,1,0.798,0.25
"2021-08-26 12:30:00",234077,13.38,0.548,11.79,1,0.798,0.25
"2021-08-26 12:45:00",234078,13.36,0.55,12.16,1,0.799,0.25
"2021-08-26 13:00:00",234079,13.34,0.549,12.59,1,0.798,0.25
"2021-08-26 13:15:00",234080,13.33,0.548,12.99,1,0.798,0.25
"2021-08-26 13:30:00",234081,13.32,0.549,13.38,1,0.799,0.25
"2021-08-26 13:45:00",234082,13.31,0.548,13.79,1,0.798,0.25
"2021-08-26 14:00:00",234083,13.31,0.55,14.18,1,0.8,0.25
"2021-08-26 14:15:00",234084,13.3,0.551,14.49,1,0.8,0.25
"2021-08-26 14:30:00",234085,13.28,0.55,14.78,1,0.799,0.25
"2021-08-26 14:45:00",234086,13.26,0.552,15.06,1,0.801,0.25
"2021-08-26 15:00:00",234087,13.25,0.55,15.28,1,0.8,0.25
"2021-08-26 15:15:00",234088,13.23,0.55,15.49,1,0.799,0.25
"2021-08-26 15:30:00",234089,13.22,0.551,15.68,1,0.801,0.25
"2021-08-26 15:45:00",234090,13.22,0.552,15.85,1,0.801,0.25
"2021-08-26 16:00:00",234091,13.22,0.55,15.99,1,0.8,0.25
"2021-08-26 16:15:00",234092,13.21,0.549,16.1,1,0.798,0.25
"2021-08-26 16:30:00",234093,13.21,0.551,16.16,1,0.8,0.25
"2021-08-26 16:45:00",234094,13.22,0.549,16.22,1,0.799,0.25
"2021-08-26 17:00:00",234095,13.23,0.55,16.23,1,0.8,0.25
"2021-08-26 17:15:00",234096,13.24,0.549,16.21,1,0.799,0.25
"2021-08-26 17:30:00",234097,13.23,0.549,16.15,1,0.799,0.25
"2021-08-26 17:45:00",234098,13.22,0.55,16.09,1,0.799,0.25
"2021-08-26 18:00:00",234099,13.18,0.55,16.01,1,0.799,0.25
"2021-08-26 18:15:00",234100,13.16,0.549,15.89,1,0.799,0.25
"2021-08-26 18:30:00",234101,13.14,0.549,15.78,1,0.799,0.25
"2021-08-26 18:45:00",234102,13.12,0.549,15.63,1,0.799,0.25
"2021-08-26 19:00:00",234103,13.11,0.549,15.45,1,0.798,0.25
"2021-08-26 19:15:00",234104,13.09,0.548,15.27,1,0.798,0.25
"2021-08-26 19:30:00",234105,13.07,0.548,15.07,1,0.797,0.25
"2021-08-26 19:45:00",234106,13.05,0.547,14.85,1,0.797,0.25
"2021-08-26 20:00:00",234107,13.04,0.547,14.67,1,0.797,0.25
"2021-08-26 20:15:00",234108,13.02,0.547,14.48,1,0.797,0.25
"2021-08-26 20:30:00",234109,13.01,0.545,14.28,1,0.795,0.25
"2021-08-26 20:45:00",234110,12.99,0.543,14.09,1,0.793,0.25
"2021-08-26 21:00:00",234111,12.98,0.542,13.92,1,0.792,0.25
"2021-08-26 21:15:00",234112,12.96,0.54,13.76,1,0.79,0.25
"2021-08-26 21:30:00",234113,12.95,0.539,13.59,1,0.789,0.25
"2021-08-26 21:45:00",234114,12.94,0.539,13.4,1,0.789,0.25
"2021-08-26 22:00:00",234115,12.93,0.539,13.24,1,0.788,0.25
"2021-08-26 22:15:00",234116,12.92,0.537,13.09,1,0.787,0.25
"2021-08-26 22:30:00",234117,12.9,0.537,12.93,1,0.787,0.25
"2021-08-26 22:45:00",234118,12.89,0.537,12.76,1,0.786,0.25
"2021-08-26 23:00:00",234119,12.88,0.536,12.61,1,0.786,0.25
"2021-08-26 23:15:00",234120,12.87,0.535,12.48,1,0.785,0.25
"2021-08-26 23:30:00",234121,12.86,0.535,12.33,1,0.785,0.25
"2021-08-26 23:45:00",234122,12.84,0.533,12.2,1,0.783,0.25
"2021-08-27 00:00:00",234123,12.84,0.534,12.07,1,0.783,0.25
"2021-08-27 00:15:00",234124,12.82,0.533,11.93,1,0.783,0.25
"2021-08-27 00:30:00",234125,12.82,0.534,11.8,1,0.784,0.25
"2021-08-27 00:45:00",234126,12.8,0.535,11.67,1,0.784,0.25
"2021-08-27 01:00:00",234127,12.79,0.535,11.56,1,0.785,0.25
"2021-08-27 01:15:00",234128,12.78,0.535,11.45,1,0.784,0.25
"2021-08-27 01:30:00",234129,12.77,0.534,11.33,1,0.783,0.25
"2021-08-27 01:45:00",234130,12.76,0.533,11.22,1,0.782,0.25
"2021-08-27 02:00:00",234131,12.74,0.532,11.12,1,0.782,0.25
"2021-08-27 02:15:00",234132,12.73,0.532,11.02,1,0.782,0.25
"2021-08-27 02:30:00",234133,12.72,0.532,10.94,1,0.781,0.25
"2021-08-27 02:45:00",234134,12.71,0.53,10.86,1,0.78,0.25
"2021-08-27 03:00:00",234135,12.7,0.53,10.77,1,0.78,0.25
"2021-08-27 03:15:00",234136,12.69,0.53,10.69,1,0.78,0.25
"2021-08-27 03:30:00",234137,12.69,0.529,10.6,1,0.779,0.25
"2021-08-27 03:45:00",234138,12.68,0.53,10.53,1,0.779,0.25
"2021-08-27 04:00:00",234139,12.67,0.529,10.45,1,0.779,0.25
"2021-08-27 04:15:00",234140,12.66,0.529,10.38,1,0.779,0.25
"2021-08-27 04:30:00",234141,12.65,0.528,10.3,1,0.778,0.25
"2021-08-27 04:45:00",234142,12.64,0.529,10.23,1,0.778,0.25
"2021-08-27 05:00:00",234143,12.63,0.528,10.16,1,0.778,0.25
"2021-08-27 05:15:00",234144,12.62,0.528,10.09,1,0.778,0.25
"2021-08-27 05:30:00",234145,12.61,0.528,10.03,1,0.778,0.25
"2021-08-27 05:45:00",234146,12.6,0.528,9.96,1,0.778,0.25
"2021-08-27 06:00:00",234147,12.59,0.529,9.89,1,0.778,0.25
"2021-08-27 06:15:00",234148,12.58,0.528,9.84,1,0.778,0.25
"2021-08-27 06:30:00",234149,12.58,0.529,9.77,1,0.778,0.25
"2021-08-27 06:45:00",234150,12.56,0.529,9.71,1,0.778,0.25
"2021-08-27 07:00:00",234151,12.56,0.529,9.65,1,0.779,0.25
"2021-08-27 07:15:00",234152,12.55,0.53,9.59,1,0.779,0.25
"2021-08-27 07:30:00",234153,12.55,0.529,9.54,1,0.779,0.25
"2021-08-27 07:45:00",234154,12.54,0.53,9.5,1,0.78,0.25
"2021-08-27 08:00:00",234155,12.58,0.529,9.46,1,0.779,0.25
"2021-08-27 08:15:00",234156,12.65,0.529,9.43,1,0.779,0.25
"2021-08-27 08:30:00",234157,12.74,0.528,9.42,1,0.777,0.25
"2021-08-27 08:45:00",234158,12.89,0.528,9.43,1,0.777,0.25
"2021-08-27 09:00:00",234159,13.08,0.529,9.44,1,0.779,0.25
"2021-08-27 09:15:00",234160,13.41,0.529,9.48,1,0.779,0.25
"2021-08-27 09:30:00",234161,13.53,0.532,9.58,1,0.781,0.25
"2021-08-27 09:45:00",234162,13.49,0.535,9.91,1,0.785,0.25
"2021-08-27 10:00:00",234163,13.47,0.538,10.16,1,0.788,0.25
"2021-08-27 10:15:00",234164,13.46,0.539,10.34,1,0.788,0.25
"2021-08-27 10:30:00",234165,13.44,0.539,10.54,1,0.788,0.25
"2021-08-27 10:45:00",234166,13.42,0.54,10.75,1,0.789,0.25
"2021-08-27 11:00:00",234167,13.41,0.54,10.96,1,0.79,0.25
"2021-08-27 11:15:00",234168,13.4,0.54,11.15,1,0.79,0.25
"2021-08-27 11:30:00",234169,13.38,0.541,11.38,1,0.791,0.25
"2021-08-27 11:45:00",234170,13.36,0.541,11.82,1,0.79,0.25
"2021-08-27 12:00:00",234171,13.35,0.542,12.01,1,0.791,0.25
"2021-08-27 12:15:00",234172,13.33,0.543,12.37,1,0.792,0.25
"2021-08-27 12:30:00",234173,13.31,0.542,12.78,1,0.792,0.25
"2021-08-27 12:45:00",234174,13.29,0.542,13.25,1,0.792,0.25
"2021-08-27 13:00:00",234175,13.28,0.545,13.49,1,0.794,0.25
"2021-08-27 13:15:00",234176,13.27,0.543,13.91,1,0.793,0.25
"2021-08-27 13:30:00",234177,13.26,0.546,14.3,1,0.796,0.25
"2021-08-27 13:45:00",234178,13.26,0.544,14.69,1,0.793,0.25
"2021-08-27 14:00:00",234179,13.26,0.545,15.04,1,0.795,0.25
"2021-08-27 14:15:00",234180,13.24,0.545,15.46,1,0.794,0.25
"2021-08-27 14:30:00",234181,13.23,0.544,15.75,1,0.794,0.25
"2021-08-27 14:45:00",234182,13.22,0.545,15.94,1,0.794,0.25
"2021-08-27 15:00:00",234183,13.21,0.545,16.15,1,0.794,0.25
"2021-08-27 15:15:00",234184,13.19,0.547,16.35,1,0.797,0.25
"2021-08-27 15:30:00",234185,13.18,0.545,16.51,1,0.795,0.25
"2021-08-27 15:45:00",234186,13.18,0.544,16.69,1,0.794,0.25
"2021-08-27 16:00:00",234187,13.19,0.544,16.84,1,0.794,0.25
"2021-08-27 16:15:00",234188,13.18,0.546,16.94,1,0.796,0.25
"2021-08-27 16:30:00",234189,13.18,0.544,17.01,1,0.794,0.25
"2021-08-27 16:45:00",234190,13.19,0.546,17.06,1,0.796,0.25
"2021-08-27 17:00:00",234191,13.2,0.545,17.09,1,0.795,0.25
"2021-08-27 17:15:00",234192,13.21,0.545,17.08,1,0.795,0.25
"2021-08-27 17:30:00",234193,13.21,0.545,17.05,1,0.795,0.25
"2021-08-27 17:45:00",234194,13.2,0.544,17,1,0.794,0.25
"2021-08-27 18:00:00",234195,13.17,0.541,16.94,1,0.791,0.25
"2021-08-27 18:15:00",234196,13.14,0.539,16.83,1,0.789,0.25
"2021-08-27 18:30:00",234197,13.12,0.54,16.72,1,0.79,0.25
"2021-08-27 18:45:00",234198,13.1,0.54,16.6,1,0.789,0.25
"2021-08-27 19:00:00",234199,13.08,0.54,16.46,1,0.79,0.25
"2021-08-27 19:15:00",234200,13.07,0.539,16.28,1,0.788,0.25
"2021-08-27 19:30:00",234201,13.05,0.538,16.08,1,0.788,0.25
"2021-08-27 19:45:00",234202,13.03,0.539,15.91,1,0.789,0.25
"2021-08-27 20:00:00",234203,13.01,0.538,15.7,1,0.788,0.25
"2021-08-27 20:15:00",234204,13,0.537,15.5,1,0.786,0.25
"2021-08-27 20:30:00",234205,12.98,0.537,15.31,1,0.786,0.25
"2021-08-27 20:45:00",234206,12.97,0.537,15.13,1,0.786,0.25
"2021-08-27 21:00:00",234207,12.96,0.536,14.94,1,0.786,0.25
"2021-08-27 21:15:00",234208,12.94,0.536,14.75,1,0.786,0.25
"2021-08-27 21:30:00",234209,12.93,0.537,14.58,1,0.787,0.25
"2021-08-27 21:45:00",234210,12.92,0.538,14.4,1,0.788,0.25
"2021-08-27 22:00:00",234211,12.9,0.538,14.23,1,0.788,0.25
"2021-08-27 22:15:00",234212,12.89,0.537,14.07,1,0.786,0.25
"2021-08-27 22:30:00",234213,12.88,0.537,13.91,1,0.787,0.25
"2021-08-27 22:45:00",234214,12.87,0.537,13.74,1,0.786,0.25
"2021-08-27 23:00:00",234215,12.86,0.536,13.56,1,0.786,0.25
"2021-08-27 23:15:00",234216,12.84,0.535,13.41,1,0.785,0.25
"2021-08-27 23:30:00",234217,12.83,0.535,13.24,1,0.785,0.25
"2021-08-27 23:45:00",234218,12.82,0.534,13.09,1,0.784,0.25
"2021-08-28 00:00:00",234219,12.81,0.534,12.95,1,0.783,0.25
"2021-08-28 00:15:00",234220,12.8,0.532,12.82,1,0.782,0.25
"2021-08-28 00:30:00",234221,12.79,0.532,12.68,1,0.781,0.25
"2021-08-28 00:45:00",234222,12.78,0.531,12.55,1,0.78,0.25
"2021-08-28 01:00:00",234223,12.77,0.53,12.42,1,0.779,0.25
"2021-08-28 01:15:00",234224,12.76,0.529,12.3,1,0.778,0.25
"2021-08-28 01:30:00",234225,12.74,0.529,12.18,1,0.778,0.25
"2021-08-28 01:45:00",234226,12.73,0.527,12.06,1,0.777,0.25
"2021-08-28 02:00:00",234227,12.72,0.528,11.97,1,0.777,0.25
"2021-08-28 02:15:00",234228,12.71,0.526,11.86,1,0.776,0.25
"2021-08-28 02:30:00",234229,12.7,0.526,11.76,1,0.775,0.25
"2021-08-28 02:45:00",234230,12.69,0.526,11.66,1,0.775,0.25
"2021-08-28 03:00:00",234231,12.68,0.525,11.56,1,0.775,0.25
"2021-08-28 03:15:00",234232,12.67,0.525,11.47,1,0.775,0.25
"2021-08-28 03:30:00",234233,12.66,0.524,11.38,1,0.773,0.25
"2021-08-28 03:45:00",234234,12.65,0.524,11.28,1,0.773,0.25
"2021-08-28 04:00:00",234235,12.64,0.523,11.2,1,0.773,0.25
"2021-08-28 04:15:00",234236,12.63,0.523,11.13,1,0.772,0.25
"2021-08-28 04:30:00",234237,12.62,0.522,11.04,1,0.772,0.25
"2021-08-28 04:45:00",234238,12.62,0.523,10.95,1,0.772,0.25
"2021-08-28 05:00:00",234239,12.61,0.522,10.87,1,0.772,0.25
"2021-08-28 05:15:00",234240,12.6,0.523,10.79,1,0.772,0.25
"2021-08-28 05:30:00",234241,12.59,0.523,10.72,1,0.773,0.25
"2021-08-28 05:45:00",234242,12.59,0.522,10.65,1,0.772,0.25
"2021-08-28 06:00:00",234243,12.58,0.522,10.57,1,0.772,0.25
"2021-08-28 06:15:00",234244,12.57,0.522,10.5,1,0.772,0.25
"2021-08-28 06:30:00",234245,12.56,0.523,10.43,1,0.772,0.25
"2021-08-28 06:45:00",234246,12.56,0.522,10.35,1,0.772,0.25
"2021-08-28 07:00:00",234247,12.55,0.522,10.29,1,0.772,0.25
"2021-08-28 07:15:00",234248,12.54,0.522,10.24,1,0.772,0.25
"2021-08-28 07:30:00",234249,12.54,0.523,10.18,1,0.773,0.25
"2021-08-28 07:45:00",234250,12.54,0.523,10.13,1,0.773,0.25
"2021-08-28 08:00:00",234251,12.59,0.524,10.09,1,0.774,0.25
"2021-08-28 08:15:00",234252,12.65,0.524,10.07,1,0.774,0.25
"2021-08-28 08:30:00",234253,12.75,0.525,10.06,1,0.775,0.25
"2021-08-28 08:45:00",234254,12.9,0.526,10.06,1,0.775,0.25
"2021-08-28 09:00:00",234255,13.09,0.524,10.07,1,0.774,0.25
"2021-08-28 09:15:00",234256,13.49,0.524,10.09,1,0.773,0.25
"2021-08-28 09:30:00",234257,13.5,0.523,10.2,1,0.773,0.25
"2021-08-28 09:45:00",234258,13.48,0.525,10.55,1,0.775,0.25
"2021-08-28 10:00:00",234259,13.46,0.526,10.75,1,0.776,0.25
"2021-08-28 10:15:00",234260,13.44,0.527,10.92,1,0.776,0.25
"2021-08-28 10:30:00",234261,13.43,0.527,11.06,1,0.777,0.25
"2021-08-28 10:45:00",234262,13.41,0.528,11.22,1,0.778,0.25
"2021-08-28 11:00:00",234263,13.4,0.529,11.41,1,0.779,0.25
"2021-08-28 11:15:00",234264,13.38,0.53,11.59,1,0.78,0.25
"2021-08-28 11:30:00",234265,13.37,0.531,11.89,1,0.78,0.25
"2021-08-28 11:45:00",234266,13.35,0.531,12.09,1,0.781,0.25
"2021-08-28 12:00:00",234267,13.33,0.532,12.42,1,0.781,0.25
"2021-08-28 12:15:00",234268,13.31,0.532,12.94,1,0.782,0.25
"2021-08-28 12:30:00",234269,13.29,0.533,13.17,1,0.782,0.25
"2021-08-28 12:45:00",234270,13.28,0.533,13.58,1,0.783,0.25
"2021-08-28 13:00:00",234271,13.26,0.533,14.04,1,0.783,0.25
"2021-08-28 13:15:00",234272,13.25,0.536,14.32,1,0.786,0.25
"2021-08-28 13:30:00",234273,13.24,0.537,14.68,1,0.787,0.25
"2021-08-28 13:45:00",234274,13.24,0.539,15.08,1,0.788,0.25
"2021-08-28 14:00:00",234275,13.23,0.539,15.47,1,0.789,0.25
"2021-08-28 14:15:00",234276,13.23,0.54,15.86,1,0.79,0.25
"2021-08-28 14:30:00",234277,13.22,0.538,16.13,1,0.787,0.25
"2021-08-28 14:45:00",234278,13.2,0.54,16.34,1,0.789,0.25
"2021-08-28 15:00:00",234279,13.18,0.539,16.55,1,0.789,0.25
"2021-08-28 15:15:00",234280,13.17,0.54,16.69,1,0.789,0.25
"2021-08-28 15:30:00",234281,13.16,0.541,16.89,1,0.791,0.25
"2021-08-28 15:45:00",234282,13.16,0.537,17.09,1,0.787,0.25
"2021-08-28 16:00:00",234283,13.17,0.537,17.2,1,0.787,0.25
"2021-08-28 16:15:00",234284,13.17,0.54,17.31,1,0.79,0.25
"2021-08-28 16:30:00",234285,13.17,0.54,17.37,1,0.79,0.25
"2021-08-28 16:45:00",234286,13.18,0.54,17.42,1,0.79,0.25
"2021-08-28 17:00:00",234287,13.19,0.54,17.44,1,0.789,0.25
"2021-08-28 17:15:00",234288,13.19,0.538,17.44,1,0.787,0.25
"2021-08-28 17:30:00",234289,13.2,0.539,17.41,1,0.789,0.25
"2021-08-28 17:45:00",234290,13.17,0.539,17.36,1,0.789,0.25
"2021-08-28 18:00:00",234291,13.14,0.538,17.26,1,0.788,0.25
"2021-08-28 18:15:00",234292,13.12,0.538,17.17,1,0.788,0.25
"2021-08-28 18:30:00",234293,13.1,0.538,17.09,1,0.788,0.25
"2021-08-28 18:45:00",234294,13.08,0.538,16.95,1,0.788,0.25
"2021-08-28 19:00:00",234295,13.06,0.537,16.8,1,0.787,0.25
"2021-08-28 19:15:00",234296,13.04,0.537,16.65,1,0.786,0.25
"2021-08-28 19:30:00",234297,13.02,0.537,16.44,1,0.786,0.25
"2021-08-28 19:45:00",234298,13.01,0.536,16.25,1,0.786,0.25
"2021-08-28 20:00:00",234299,12.99,0.536,16.04,1,0.785,0.25
"2021-08-28 20:15:00",234300,12.98,0.536,15.85,1,0.786,0.25
"2021-08-28 20:30:00",234301,12.97,0.535,15.66,1,0.785,0.25
"2021-08-28 20:45:00",234302,12.95,0.535,15.48,1,0.785,0.25
"2021-08-28 21:00:00",234303,12.94,0.534,15.29,1,0.784,0.25
"2021-08-28 21:15:00",234304,12.92,0.534,15.1,1,0.783,0.25
"2021-08-28 21:30:00",234305,12.91,0.533,14.91,1,0.783,0.25
"2021-08-28 21:45:00",234306,12.9,0.533,14.73,1,0.783,0.25
"2021-08-28 22:00:00",234307,12.88,0.533,14.56,1,0.783,0.25
"2021-08-28 22:15:00",234308,12.87,0.531,14.39,1,0.781,0.25
"2021-08-28 22:30:00",234309,12.86,0.53,14.23,1,0.78,0.25
"2021-08-28 22:45:00",234310,12.85,0.528,14.07,1,0.778,0.25
"2021-08-28 23:00:00",234311,12.83,0.526,13.92,1,0.776,0.25
"2021-08-28 23:15:00",234312,12.83,0.524,13.76,1,0.774,0.25
"2021-08-28 23:30:00",234313,12.81,0.523,13.61,1,0.773,0.25
"2021-08-28 23:45:00",234314,12.8,0.522,13.46,1,0.772,0.25
"2021-08-29 00:00:00",234315,12.79,0.522,13.31,1,0.771,0.25
"2021-08-29 00:15:00",234316,12.78,0.521,13.18,1,0.771,0.25
"2021-08-29 00:30:00",234317,12.77,0.52,13.02,1,0.77,0.25
"2021-08-29 00:45:00",234318,12.76,0.519,12.88,1,0.769,0.25
"2021-08-29 01:00:00",234319,12.75,0.519,12.77,1,0.768,0.25
"2021-08-29 01:15:00",234320,12.74,0.518,12.65,1,0.768,0.25
"2021-08-29 01:30:00",234321,12.73,0.517,12.53,1,0.767,0.25
"2021-08-29 01:45:00",234322,12.72,0.516,12.41,1,0.766,0.25
"2021-08-29 02:00:00",234323,12.71,0.516,12.28,1,0.765,0.25
"2021-08-29 02:15:00",234324,12.7,0.517,12.17,1,0.767,0.25
"2021-08-29 02:30:00",234325,12.68,0.517,12.07,1,0.767,0.25
"2021-08-29 02:45:00",234326,12.68,0.517,11.97,1,0.767,0.25
"2021-08-29 03:00:00",234327,12.67,0.518,11.86,1,0.768,0.25
"2021-08-29 03:15:00",234328,12.66,0.517,11.76,1,0.767,0.25
"2021-08-29 03:30:00",234329,12.65,0.517,11.66,1,0.767,0.25
"2021-08-29 03:45:00",234330,12.64,0.517,11.57,1,0.767,0.25
"2021-08-29 04:00:00",234331,12.63,0.516,11.48,1,0.765,0.25
"2021-08-29 04:15:00",234332,12.62,0.516,11.38,1,0.766,0.25
"2021-08-29 04:30:00",234333,12.61,0.515,11.3,1,0.765,0.25
"2021-08-29 04:45:00",234334,12.6,0.515,11.2,1,0.765,0.25
"2021-08-29 05:00:00",234335,12.6,0.515,11.12,1,0.765,0.25
"2021-08-29 05:15:00",234336,12.59,0.515,11.04,1,0.765,0.25
"2021-08-29 05:30:00",234337,12.58,0.516,10.95,1,0.765,0.25
"2021-08-29 05:45:00",234338,12.57,0.515,10.87,1,0.764,0.25
"2021-08-29 06:00:00",234339,12.57,0.515,10.8,1,0.764,0.25
"2021-08-29 06:15:00",234340,12.56,0.515,10.72,1,0.765,0.25
"2021-08-29 06:30:00",234341,12.56,0.515,10.65,1,0.765,0.25
"2021-08-29 06:45:00",234342,12.55,0.515,10.59,1,0.765,0.25
"2021-08-29 07:00:00",234343,12.54,0.515,10.51,1,0.765,0.25
"2021-08-29 07:15:00",234344,12.54,0.516,10.45,1,0.765,0.25
"2021-08-29 07:30:00",234345,12.53,0.516,10.4,1,0.766,0.25
"2021-08-29 07:45:00",234346,12.53,0.517,10.35,1,0.766,0.25
"2021-08-29 08:00:00",234347,12.56,0.517,10.3,1,0.766,0.25
"2021-08-29 08:15:00",234348,12.62,0.517,10.28,1,0.766,0.25
"2021-08-29 08:30:00",234349,12.71,0.518,10.28,1,0.767,0.25
"2021-08-29 08:45:00",234350,12.83,0.518,10.28,1,0.768,0.25
"2021-08-29 09:00:00",234351,12.99,0.518,10.29,1,0.767,0.25
"2021-08-29 09:15:00",234352,13.24,0.516,10.31,1,0.766,0.25
"2021-08-29 09:30:00",234353,13.45,0.517,10.41,1,0.766,0.25
"2021-08-29 09:45:00",234354,13.44,0.517,10.77,1,0.766,0.25
"2021-08-29 10:00:00",234355,13.43,0.517,11.04,1,0.767,0.25
"2021-08-29 10:15:00",234356,13.42,0.518,11.18,1,0.768,0.25
"2021-08-29 10:30:00",234357,13.41,0.518,11.33,1,0.768,0.25
"2021-08-29 10:45:00",234358,13.4,0.52,11.58,1,0.77,0.25
"2021-08-29 11:00:00",234359,13.39,0.521,11.74,1,0.771,0.25
"2021-08-29 11:15:00",234360,13.38,0.525,12,1,0.774,0.25
"2021-08-29 11:30:00",234361,13.36,0.526,12.13,1,0.776,0.25
"2021-08-29 11:45:00",234362,13.35,0.528,12.51,1,0.777,0.25
"2021-08-29 12:00:00",234363,13.33,0.528,12.99,1,0.778,0.25
"2021-08-29 12:15:00",234364,13.31,0.528,13.3,1,0.778,0.25
"2021-08-29 12:30:00",234365,13.3,0.53,13.62,1,0.78,0.25
"2021-08-29 12:45:00",234366,13.28,0.53,13.78,1,0.78,0.25
"2021-08-29 13:00:00",234367,13.27,0.53,14.12,1,0.78,0.25
"2021-08-29 13:15:00",234368,13.26,0.531,14.59,1,0.781,0.25
"2021-08-29 13:30:00",234369,13.26,0.534,14.94,1,0.784,0.25
"2021-08-29 13:45:00",234370,13.25,0.531,15.28,1,0.781,0.25
"2021-08-29 14:00:00",234371,13.25,0.532,15.6,1,0.782,0.25
"2021-08-29 14:15:00",234372,13.24,0.531,15.99,1,0.781,0.25
"2021-08-29 14:30:00",234373,13.23,0.534,16.25,1,0.783,0.25
"2021-08-29 14:45:00",234374,13.21,0.532,16.44,1,0.781,0.25
"2021-08-29 15:00:00",234375,13.2,0.533,16.65,1,0.783,0.25
"2021-08-29 15:15:00",234376,13.18,0.534,16.84,1,0.784,0.25
"2021-08-29 15:30:00",234377,13.17,0.535,17.03,1,0.785,0.25
"2021-08-29 15:45:00",234378,13.17,0.533,17.17,1,0.783,0.25
"2021-08-29 16:00:00",234379,13.18,0.533,17.35,1,0.783,0.25
"2021-08-29 16:15:00",234380,13.18,0.533,17.48,1,0.783,0.25
"2021-08-29 16:30:00",234381,13.18,0.533,17.53,1,0.783,0.25
"2021-08-29 16:45:00",234382,13.19,0.533,17.59,1,0.783,0.25
"2021-08-29 17:00:00",234383,13.21,0.534,17.62,1,0.784,0.25
"2021-08-29 17:15:00",234384,13.21,0.534,17.64,1,0.783,0.25
"2021-08-29 17:30:00",234385,13.21,0.533,17.62,1,0.783,0.25
"2021-08-29 17:45:00",234386,13.17,0.534,17.58,1,0.784,0.25
"2021-08-29 18:00:00",234387,13.15,0.533,17.52,1,0.783,0.25
"2021-08-29 18:15:00",234388,13.12,0.533,17.42,1,0.783,0.25
"2021-08-29 18:30:00",234389,13.1,0.532,17.32,1,0.782,0.25
"2021-08-29 18:45:00",234390,13.08,0.533,17.2,1,0.783,0.25
"2021-08-29 19:00:00",234391,13.06,0.534,17.07,1,0.783,0.25
"2021-08-29 19:15:00",234392,13.04,0.532,16.93,1,0.782,0.25
"2021-08-29 19:30:00",234393,13.03,0.53,16.76,1,0.779,0.25
"2021-08-29 19:45:00",234394,13.01,0.528,16.58,1,0.778,0.25
"2021-08-29 20:00:00",234395,13,0.528,16.4,1,0.777,0.25
"2021-08-29 20:15:00",234396,12.98,0.526,16.22,1,0.776,0.25
"2021-08-29 20:30:00",234397,12.97,0.527,16.05,1,0.776,0.25
"2021-08-29 20:45:00",234398,12.95,0.525,15.87,1,0.775,0.25
"2021-08-29 21:00:00",234399,12.94,0.525,15.69,1,0.775,0.25
"2021-08-29 21:15:00",234400,12.93,0.525,15.51,1,0.774,0.25
"2021-08-29 21:30:00",234401,12.91,0.525,15.34,1,0.774,0.25
"2021-08-29 21:45:00",234402,12.9,0.524,15.16,1,0.774,0.25
"2021-08-29 22:00:00",234403,12.89,0.523,14.99,1,0.773,0.25
"2021-08-29 22:15:00",234404,12.88,0.523,14.85,1,0.773,0.25
"2021-08-29 22:30:00",234405,12.87,0.522,14.67,1,0.772,0.25
"2021-08-29 22:45:00",234406,12.86,0.522,14.5,1,0.772,0.25
"2021-08-29 23:00:00",234407,12.84,0.522,14.36,1,0.772,0.25
"2021-08-29 23:15:00",234408,12.83,0.524,14.21,1,0.774,0.25
"2021-08-29 23:30:00",234409,12.82,0.525,14.06,1,0.775,0.25
"2021-08-29 23:45:00",234410,12.81,0.525,13.9,1,0.775,0.25
"2021-08-30 00:00:00",234411,12.8,0.524,13.75,1,0.774,0.25
"2021-08-30 00:15:00",234412,12.78,0.524,13.61,1,0.774,0.25
"2021-08-30 00:30:00",234413,12.77,0.524,13.46,1,0.773,0.25
"2021-08-30 00:45:00",234414,12.76,0.523,13.32,1,0.772,0.25
"2021-08-30 01:00:00",234415,12.75,0.521,13.19,1,0.771,0.25
"2021-08-30 01:15:00",234416,12.74,0.521,13.05,1,0.771,0.25
"2021-08-30 01:30:00",234417,12.73,0.52,12.92,1,0.77,0.25
"2021-08-30 01:45:00",234418,12.72,0.52,12.8,1,0.769,0.25
"2021-08-30 02:00:00",234419,12.71,0.519,12.68,1,0.769,0.25
"2021-08-30 02:15:00",234420,12.7,0.518,12.56,1,0.768,0.25
"2021-08-30 02:30:00",234421,12.69,0.517,12.45,1,0.767,0.25
"2021-08-30 02:45:00",234422,12.68,0.516,12.34,1,0.766,0.25
"2021-08-30 03:00:00",234423,12.67,0.516,12.23,1,0.766,0.25
"2021-08-30 03:15:00",234424,12.66,0.516,12.13,1,0.765,0.25
"2021-08-30 03:30:00",234425,12.65,0.516,12.03,1,0.765,0.25
"2021-08-30 03:45:00",234426,12.64,0.515,11.91,1,0.764,0.25
"2021-08-30 04:00:00",234427,12.63,0.515,11.81,1,0.764,0.25
"2021-08-30 04:15:00",234428,12.62,0.514,11.72,1,0.763,0.25
"2021-08-30 04:30:00",234429,12.61,0.514,11.62,1,0.764,0.25
"2021-08-30 04:45:00",234430,12.6,0.513,11.53,1,0.763,0.25
"2021-08-30 05:00:00",234431,12.6,0.513,11.44,1,0.763,0.25
"2021-08-30 05:15:00",234432,12.59,0.513,11.36,1,0.763,0.25
"2021-08-30 05:30:00",234433,12.58,0.513,11.26,1,0.763,0.25
"2021-08-30 05:45:00",234434,12.57,0.513,11.17,1,0.762,0.25
"2021-08-30 06:00:00",234435,12.57,0.513,11.08,1,0.762,0.25
"2021-08-30 06:15:00",234436,12.56,0.511,10.99,1,0.761,0.25
"2021-08-30 06:30:00",234437,12.56,0.512,10.91,1,0.761,0.25
"2021-08-30 06:45:00",234438,12.55,0.512,10.82,1,0.762,0.25
"2021-08-30 07:00:00",234439,12.54,0.513,10.74,1,0.762,0.25
"2021-08-30 07:15:00",234440,12.54,0.512,10.66,1,0.762,0.25
"2021-08-30 07:30:00",234441,12.53,0.513,10.58,1,0.762,0.25
"2021-08-30 07:45:00",234442,12.53,0.513,10.52,1,0.763,0.25
"2021-08-30 08:00:00",234443,12.56,0.512,10.45,1,0.762,0.25
"2021-08-30 08:15:00",234444,12.62,0.513,10.4,1,0.763,0.25
"2021-08-30 08:30:00",234445,12.7,0.513,10.37,1,0.763,0.25
"2021-08-30 08:45:00",234446,12.83,0.514,10.36,1,0.764,0.25
"2021-08-30 09:00:00",234447,13,0.515,10.35,1,0.764,0.25
"2021-08-30 09:15:00",234448,13.34,0.516,10.36,1,0.765,0.25
"2021-08-30 09:30:00",234449,13.51,0.517,10.47,1,0.766,0.25
"2021-08-30 09:45:00",234450,13.47,0.518,10.83,1,0.767,0.25
"2021-08-30 10:00:00",234451,13.45,0.519,11.08,1,0.769,0.25
"2021-08-30 10:15:00",234452,13.43,0.519,11.27,1,0.769,0.25
"2021-08-30 10:30:00",234453,13.42,0.52,11.4,1,0.77,0.25
"2021-08-30 10:45:00",234454,13.41,0.521,11.51,1,0.77,0.25
"2021-08-30 11:00:00",234455,13.4,0.524,11.64,1,0.774,0.25
"2021-08-30 11:15:00",234456,13.39,0.52,11.89,1,0.769,0.25
"2021-08-30 11:30:00",234457,13.38,0.518,12.08,1,0.767,0.25
"2021-08-30 11:45:00",234458,13.36,0.519,12.32,1,0.768,0.25
"2021-08-30 12:00:00",234459,13.35,0.518,12.58,1,0.768,0.25
"2021-08-30 12:15:00",234460,13.33,0.52,12.89,1,0.77,0.25
"2021-08-30 12:30:00",234461,13.31,0.521,13.33,1,0.771,0.25
"2021-08-30 12:45:00",234462,13.29,0.522,13.78,1,0.771,0.25
"2021-08-30 13:00:00",234463,13.28,0.521,13.92,1,0.771,0.25
"2021-08-30 13:15:00",234464,13.27,0.522,14.31,1,0.772,0.25
"2021-08-30 13:30:00",234465,13.27,0.522,14.69,1,0.772,0.25
"2021-08-30 13:45:00",234466,13.27,0.522,14.99,1,0.772,0.25
"2021-08-30 14:00:00",234467,13.26,0.524,15.3,1,0.773,0.25
"2021-08-30 14:15:00",234468,13.26,0.524,15.66,1,0.774,0.25
"2021-08-30 14:30:00",234469,13.24,0.522,15.98,1,0.772,0.25
"2021-08-30 14:45:00",234470,13.22,0.522,16.22,1,0.772,0.25
"2021-08-30 15:00:00",234471,13.21,0.526,16.45,1,0.776,0.25
"2021-08-30 15:15:00",234472,13.19,0.526,16.58,1,0.775,0.25
"2021-08-30 15:30:00",234473,13.17,0.528,16.76,1,0.778,0.25
"2021-08-30 15:45:00",234474,13.17,0.529,16.91,1,0.778,0.25
"2021-08-30 16:00:00",234475,13.18,0.531,17.07,1,0.781,0.25
"2021-08-30 16:15:00",234476,13.18,0.529,17.19,1,0.779,0.25
"2021-08-30 16:30:00",234477,13.18,0.531,17.27,1,0.78,0.25
"2021-08-30 16:45:00",234478,13.19,0.53,17.35,1,0.78,0.25
"2021-08-30 17:00:00",234479,13.21,0.531,17.4,1,0.781,0.25
"2021-08-30 17:15:00",234480,13.21,0.53,17.41,1,0.78,0.25
"2021-08-30 17:30:00",234481,13.2,0.53,17.43,1,0.779,0.25
"2021-08-30 17:45:00",234482,13.17,0.529,17.39,1,0.779,0.25
"2021-08-30 18:00:00",234483,13.14,0.528,17.32,1,0.778,0.25
"2021-08-30 18:15:00",234484,13.11,0.53,17.25,1,0.78,0.25
"2021-08-30 18:30:00",234485,13.09,0.529,17.16,1,0.779,0.25
"2021-08-30 18:45:00",234486,13.08,0.529,17.08,1,0.779,0.25
"2021-08-30 19:00:00",234487,13.06,0.53,16.96,1,0.779,0.25
"2021-08-30 19:15:00",234488,13.04,0.529,16.82,1,0.779,0.25
"2021-08-30 19:30:00",234489,13.02,0.529,16.65,1,0.778,0.25
"2021-08-30 19:45:00",234490,13.01,0.528,16.44,1,0.778,0.25
"2021-08-30 20:00:00",234491,12.99,0.528,16.26,1,0.777,0.25
"2021-08-30 20:15:00",234492,12.98,0.528,16.08,1,0.777,0.25
"2021-08-30 20:30:00",234493,12.97,0.528,15.9,1,0.778,0.25
"2021-08-30 20:45:00",234494,12.95,0.528,15.71,1,0.777,0.25
"2021-08-30 21:00:00",234495,12.94,0.527,15.53,1,0.777,0.25
"2021-08-30 21:15:00",234496,12.92,0.526,15.33,1,0.776,0.25
"2021-08-30 21:30:00",234497,12.91,0.525,15.14,1,0.775,0.25
"2021-08-30 21:45:00",234498,12.9,0.525,14.97,1,0.774,0.25
"2021-08-30 22:00:00",234499,12.89,0.524,14.8,1,0.774,0.25
"2021-08-30 22:15:00",234500,12.88,0.525,14.63,1,0.775,0.25
"2021-08-30 22:30:00",234501,12.86,0.524,14.44,1,0.773,0.25
"2021-08-30 22:45:00",234502,12.86,0.523,14.28,1,0.773,0.25
"2021-08-30 23:00:00",234503,12.84,0.522,14.14,1,0.772,0.25
"2021-08-30 23:15:00",234504,12.83,0.522,13.99,1,0.772,0.25
"2021-08-30 23:30:00",234505,12.81,0.522,13.83,1,0.771,0.25
"2021-08-30 23:45:00",234506,12.8,0.521,13.67,1,0.771,0.25
"2021-08-31 00:00:00",234507,12.79,0.52,13.51,1,0.77,0.25
"2021-08-31 00:15:00",234508,12.78,0.519,13.37,1,0.768,0.25
"2021-08-31 00:30:00",234509,12.77,0.518,13.22,1,0.767,0.25
"2021-08-31 00:45:00",234510,12.76,0.515,13.07,1,0.765,0.25
"2021-08-31 01:00:00",234511,12.75,0.513,12.94,1,0.763,0.25
"2021-08-31 01:15:00",234512,12.74,0.512,12.8,1,0.761,0.25
"2021-08-31 01:30:00",234513,12.73,0.511,12.66,1,0.761,0.25
"2021-08-31 01:45:00",234514,12.72,0.51,12.54,1,0.76,0.25
"2021-08-31 02:00:00",234515,12.71,0.509,12.4,1,0.759,0.25
"2021-08-31 02:15:00",234516,12.7,0.509,12.28,1,0.758,0.25
"2021-08-31 02:30:00",234517,12.68,0.508,12.18,1,0.758,0.25
"2021-08-31 02:45:00",234518,12.67,0.507,12.06,1,0.757,0.25
"2021-08-31 03:00:00",234519,12.67,0.507,11.95,1,0.756,0.25
"2021-08-31 03:15:00",234520,12.66,0.506,11.84,1,0.755,0.25
"2021-08-31 03:30:00",234521,12.65,0.505,11.74,1,0.755,0.25
"2021-08-31 03:45:00",234522,12.64,0.506,11.64,1,0.755,0.25
"2021-08-31 04:00:00",234523,12.63,0.507,11.52,1,0.757,0.25
"2021-08-31 04:15:00",234524,12.62,0.508,11.42,1,0.758,0.25
"2021-08-31 04:30:00",234525,12.61,0.508,11.33,1,0.758,0.25
"2021-08-31 04:45:00",234526,12.6,0.508,11.23,1,0.758,0.25
"2021-08-31 05:00:00",234527,12.6,0.508,11.13,1,0.757,0.25
"2021-08-31 05:15:00",234528,12.59,0.507,11.03,1,0.757,0.25
"2021-08-31 05:30:00",234529,12.58,0.507,10.94,1,0.757,0.25
"2021-08-31 05:45:00",234530,12.57,0.507,10.85,1,0.757,0.25
"2021-08-31 06:00:00",234531,12.56,0.507,10.76,1,0.757,0.25
"2021-08-31 06:15:00",234532,12.56,0.507,10.66,1,0.756,0.25
"2021-08-31 06:30:00",234533,12.55,0.507,10.58,1,0.757,0.25
"2021-08-31 06:45:00",234534,12.54,0.506,10.49,1,0.756,0.25
"2021-08-31 07:00:00",234535,12.54,0.507,10.4,1,0.756,0.25
"2021-08-31 07:15:00",234536,12.53,0.507,10.32,1,0.757,0.25
"2021-08-31 07:30:00",234537,12.53,0.507,10.25,1,0.756,0.25
"2021-08-31 07:45:00",234538,12.52,0.506,10.18,1,0.756,0.25
"2021-08-31 08:00:00",234539,12.56,0.506,10.13,1,0.756,0.25
"2021-08-31 08:15:00",234540,12.61,0.505,10.08,1,0.755,0.25
"2021-08-31 08:30:00",234541,12.7,0.504,10.05,1,0.753,0.25
"2021-08-31 08:45:00",234542,12.83,0.503,10.05,1,0.752,0.25
"2021-08-31 09:00:00",234543,13.01,0.501,10.04,1,0.751,0.25
"2021-08-31 09:15:00",234544,13.49,0.502,10.05,1,0.752,0.25
"2021-08-31 09:30:00",234545,13.51,0.505,10.14,1,0.754,0.25
"2021-08-31 09:45:00",234546,13.49,0.507,10.49,1,0.757,0.25
"2021-08-31 10:00:00",234547,13.46,0.511,10.77,1,0.761,0.25
"2021-08-31 10:15:00",234548,13.46,0.51,10.95,1,0.76,0.25
"2021-08-31 10:30:00",234549,13.44,0.513,11.03,1,0.762,0.25
"2021-08-31 10:45:00",234550,13.43,0.514,11.2,1,0.763,0.25
"2021-08-31 11:00:00",234551,13.42,0.513,11.39,1,0.763,0.25
"2021-08-31 11:15:00",234552,13.41,0.513,11.56,1,0.762,0.25
"2021-08-31 11:30:00",234553,13.4,0.512,11.94,1,0.762,0.25
"2021-08-31 11:45:00",234554,13.38,0.512,12.16,1,0.762,0.25
"2021-08-31 12:00:00",234555,13.36,0.513,12.3,1,0.762,0.25
"2021-08-31 12:15:00",234556,13.34,0.512,12.53,1,0.762,0.25
"2021-08-31 12:30:00",234557,13.33,0.514,12.74,1,0.763,0.25
"2021-08-31 12:45:00",234558,13.31,0.514,13.06,1,0.764,0.25
"2021-08-31 13:00:00",234559,13.3,0.516,13.46,1,0.766,0.25
"2021-08-31 13:15:00",234560,13.29,0.516,13.8,1,0.765,0.25
"2021-08-31 13:30:00",234561,13.29,0.517,14.24,1,0.766,0.25
"2021-08-31 13:45:00",234562,13.29,0.517,14.54,1,0.767,0.25
"2021-08-31 14:00:00",234563,13.28,0.519,14.79,1,0.768,0.25
"2021-08-31 14:15:00",234564,13.28,0.517,15.14,1,0.766,0.25
"2021-08-31 14:30:00",234565,13.27,0.517,15.43,1,0.766,0.25
"2021-08-31 14:45:00",234566,13.24,0.522,15.67,1,0.771,0.25
"2021-08-31 15:00:00",234567,13.23,0.521,15.82,1,0.77,0.25
"2021-08-31 15:15:00",234568,13.21,0.523,15.98,1,0.773,0.25
"2021-08-31 15:30:00",234569,13.2,0.522,16.18,1,0.771,0.25
"2021-08-31 15:45:00",234570,13.2,0.523,16.36,1,0.773,0.25
"2021-08-31 16:00:00",234571,13.21,0.524,16.51,1,0.774,0.25
"2021-08-31 16:15:00",234572,13.21,0.527,16.63,1,0.777,0.25
"2021-08-31 16:30:00",234573,13.21,0.525,16.71,1,0.774,0.25
"2021-08-31 16:45:00",234574,13.22,0.524,16.8,1,0.774,0.25
"2021-08-31 17:00:00",234575,13.24,0.524,16.88,1,0.773,0.25
"2021-08-31 17:15:00",234576,13.24,0.525,16.93,1,0.775,0.25
"2021-08-31 17:30:00",234577,13.23,0.524,16.95,1,0.774,0.25
"2021-08-31 17:45:00",234578,13.19,0.525,16.94,1,0.774,0.25
"2021-08-31 18:00:00",234579,13.16,0.524,16.9,1,0.774,0.25
"2021-08-31 18:15:00",234580,13.14,0.524,16.84,1,0.774,0.25
"2021-08-31 18:30:00",234581,13.12,0.525,16.74,1,0.775,0.25
"2021-08-31 18:45:00",234582,13.1,0.525,16.63,1,0.775,0.25
"2021-08-31 19:00:00",234583,13.09,0.525,16.52,1,0.774,0.25
"2021-08-31 19:15:00",234584,13.07,0.525,16.38,1,0.774,0.25
"2021-08-31 19:30:00",234585,13.05,0.524,16.21,1,0.773,0.25
"2021-08-31 19:45:00",234586,13.04,0.524,16.03,1,0.773,0.25
"2021-08-31 20:00:00",234587,13.01,0.524,15.82,1,0.773,0.25
"2021-08-31 20:15:00",234588,13.01,0.524,15.62,1,0.773,0.25
"2021-08-31 20:30:00",234589,12.99,0.523,15.43,1,0.772,0.25
"2021-08-31 20:45:00",234590,12.97,0.523,15.23,1,0.773,0.25
"2021-08-31 21:00:00",234591,12.96,0.523,15.03,1,0.773,0.25
"2021-08-31 21:15:00",234592,12.95,0.522,14.8,1,0.772,0.25
"2021-08-31 21:30:00",234593,12.94,0.522,14.61,1,0.771,0.25
"2021-08-31 21:45:00",234594,12.93,0.521,14.43,1,0.771,0.25
"2021-08-31 22:00:00",234595,12.91,0.522,14.23,1,0.771,0.25
"2021-08-31 22:15:00",234596,12.9,0.52,14.04,1,0.77,0.25
"2021-08-31 22:30:00",234597,12.89,0.518,13.88,1,0.767,0.25
"2021-08-31 22:45:00",234598,12.88,0.516,13.71,1,0.765,0.25
"2021-08-31 23:00:00",234599,12.86,0.514,13.54,1,0.764,0.25
"2021-08-31 23:15:00",234600,12.86,0.513,13.37,1,0.763,0.25
"2021-08-31 23:30:00",234601,12.84,0.512,13.19,1,0.762,0.25
"2021-08-31 23:45:00",234602,12.83,0.512,13.03,1,0.761,0.25
"2021-09-01 00:00:00",234603,12.82,0.511,12.88,1,0.76,0.25
"2021-09-01 00:15:00",234604,12.81,0.51,12.72,1,0.76,0.25
"2021-09-01 00:30:00",234605,12.79,0.509,12.56,1,0.759,0.25
"2021-09-01 00:45:00",234606,12.78,0.509,12.41,1,0.758,0.25
"2021-09-01 01:00:00",234607,12.77,0.508,12.26,1,0.758,0.25
"2021-09-01 01:15:00",234608,12.76,0.508,12.11,1,0.757,0.25
"2021-09-01 01:30:00",234609,12.75,0.506,11.97,1,0.756,0.25
"2021-09-01 01:45:00",234610,12.74,0.507,11.83,1,0.756,0.25
"2021-09-01 02:00:00",234611,12.73,0.507,11.7,1,0.757,0.25
"2021-09-01 02:15:00",234612,12.72,0.509,11.56,1,0.759,0.25
"2021-09-01 02:30:00",234613,12.71,0.509,11.43,1,0.759,0.25
"2021-09-01 02:45:00",234614,12.7,0.509,11.3,1,0.758,0.25
"2021-09-01 03:00:00",234615,12.69,0.508,11.17,1,0.758,0.25
"2021-09-01 03:15:00",234616,12.68,0.507,11.04,1,0.757,0.25
"2021-09-01 03:30:00",234617,12.67,0.507,10.93,1,0.756,0.25
"2021-09-01 03:45:00",234618,12.66,0.506,10.81,1,0.756,0.25
"2021-09-01 04:00:00",234619,12.65,0.506,10.68,1,0.756,0.25
"2021-09-01 04:15:00",234620,12.64,0.505,10.57,1,0.755,0.25
"2021-09-01 04:30:00",234621,12.63,0.505,10.46,1,0.754,0.25
"2021-09-01 04:45:00",234622,12.62,0.503,10.35,1,0.753,0.25
"2021-09-01 05:00:00",234623,12.61,0.504,10.25,1,0.753,0.25
"2021-09-01 05:15:00",234624,12.6,0.503,10.15,1,0.753,0.25
"2021-09-01 05:30:00",234625,12.59,0.502,10.04,1,0.752,0.25
"2021-09-01 05:45:00",234626,12.58,0.502,9.94,1,0.752,0.25
"2021-09-01 06:00:00",234627,12.58,0.502,9.84,1,0.751,0.25
"2021-09-01 06:15:00",234628,12.57,0.502,9.75,1,0.751,0.25
"2021-09-01 06:30:00",234629,12.56,0.502,9.65,1,0.752,0.25
"2021-09-01 06:45:00",234630,12.55,0.502,9.55,1,0.751,0.25
"2021-09-01 07:00:00",234631,12.55,0.502,9.46,1,0.752,0.25
"2021-09-01 07:15:00",234632,12.54,0.501,9.37,1,0.751,0.25
"2021-09-01 07:30:00",234633,12.53,0.5,9.29,1,0.75,0.25
"2021-09-01 07:45:00",234634,12.53,0.501,9.21,1,0.751,0.25
"2021-09-01 08:00:00",234635,12.57,0.501,9.15,1,0.75,0.25
"2021-09-01 08:15:00",234636,12.63,0.501,9.08,1,0.75,0.25
"2021-09-01 08:30:00",234637,12.73,0.501,9.04,1,0.751,0.25
"2021-09-01 08:45:00",234638,12.87,0.501,9.04,1,0.75,0.25
"2021-09-01 09:00:00",234639,13.07,0.499,9.01,1,0.749,0.25
"2021-09-01 09:15:00",234640,13.62,0.498,9.01,1,0.748,0.25
"2021-09-01 09:30:00",234641,13.58,0.498,9.13,1,0.748,0.25
"2021-09-01 09:45:00",234642,13.55,0.498,9.47,1,0.747,0.25
"2021-09-01 10:00:00",234643,13.53,0.499,9.75,1,0.748,0.25
"2021-09-01 10:15:00",234644,13.51,0.499,9.96,1,0.749,0.25
"2021-09-01 10:30:00",234645,13.5,0.5,10.1,1,0.749,0.25
"2021-09-01 10:45:00",234646,13.49,0.503,10.19,1,0.753,0.25
"2021-09-01 11:00:00",234647,13.47,0.508,10.27,1,0.758,0.25
"2021-09-01 11:15:00",234648,13.46,0.508,10.37,1,0.758,0.25
"2021-09-01 11:30:00",234649,13.44,0.51,10.58,1,0.76,0.25
"2021-09-01 11:45:00",234650,13.43,0.511,11,1,0.761,0.25
"2021-09-01 12:00:00",234651,13.41,0.513,11.19,1,0.762,0.25
"2021-09-01 12:15:00",234652,13.39,0.513,11.44,1,0.762,0.25
"2021-09-01 12:30:00",234653,13.37,0.514,11.65,1,0.763,0.25
"2021-09-01 12:45:00",234654,13.35,0.513,12,1,0.763,0.25
"2021-09-01 13:00:00",234655,13.34,0.513,12.32,1,0.763,0.25
"2021-09-01 13:15:00",234656,13.33,0.515,12.64,1,0.765,0.25
"2021-09-01 13:30:00",234657,13.33,0.515,12.96,1,0.765,0.25
"2021-09-01 13:45:00",234658,13.33,0.515,13.29,1,0.765,0.25
"2021-09-01 14:00:00",234659,13.33,0.516,13.73,1,0.766,0.25
"2021-09-01 14:15:00",234660,13.33,0.515,14.06,1,0.765,0.25
"2021-09-01 14:30:00",234661,13.31,0.516,14.3,1,0.766,0.25
"2021-09-01 14:45:00",234662,13.29,0.515,14.5,1,0.764,0.25
"2021-09-01 15:00:00",234663,13.28,0.517,14.65,1,0.766,0.25
"2021-09-01 15:15:00",234664,13.26,0.516,14.87,1,0.766,0.25
"2021-09-01 15:30:00",234665,13.24,0.519,15.06,1,0.768,0.25
"2021-09-01 15:45:00",234666,13.25,0.518,15.25,1,0.768,0.25
"2021-09-01 16:00:00",234667,13.26,0.516,15.43,1,0.765,0.25
"2021-09-01 16:15:00",234668,13.26,0.514,15.59,1,0.764,0.25
"2021-09-01 16:30:00",234669,13.26,0.512,15.62,1,0.762,0.25
"2021-09-01 16:45:00",234670,13.28,0.515,15.7,1,0.764,0.25
