"TOA5","DanaFk._297","CR800","15297","CR800.Std.11","CPU:DanaFk_downloaded_20210707.cr8","13686","T15min"
"TIMESTAMP","RECORD","BattV","Lvl_ft","Temp_C","Observed","Lvl_ft_corr","Offset"
"TS","RN","Volts","feet","deg C","","feet",""
"","","Smp","Smp","Smp","Smp","Smp","Smp"
"2021-08-12 13:00:00",232735,13.23,0.65,16.2,1,0.9,0.25
"2021-08-12 13:15:00",232736,13.23,0.65,16.43,1,0.899,0.25
"2021-08-12 13:30:00",232737,13.23,0.651,16.65,1,0.9,0.25
"2021-08-12 13:45:00",232738,13.24,0.65,16.71,1,0.9,0.25
"2021-08-12 14:00:00",232739,13.24,0.651,16.65,1,0.901,0.25
"2021-08-12 14:15:00",232740,13.24,0.65,16.62,1,0.9,0.25
"2021-08-12 14:30:00",232741,13.24,0.65,16.63,1,0.9,0.25
"2021-08-12 14:45:00",232742,13.24,0.65,16.68,1,0.899,0.25
"2021-08-12 15:00:00",232743,13.23,0.65,16.58,1,0.9,0.25
"2021-08-12 15:15:00",232744,13.22,0.649,16.48,1,0.898,0.25
"2021-08-12 15:30:00",232745,13.23,0.649,16.49,1,0.899,0.25
"2021-08-12 15:45:00",232746,13.23,0.649,16.43,1,0.899,0.25
"2021-08-12 16:00:00",232747,13.24,0.648,16.36,1,0.897,0.25
"2021-08-12 16:15:00",232748,13.23,0.649,16.34,1,0.899,0.25
"2021-08-12 16:30:00",232749,13.23,0.647,16.33,1,0.897,0.25
"2021-08-12 16:45:00",232750,13.23,0.647,16.33,1,0.896,0.25
"2021-08-12 17:00:00",232751,13.22,0.646,16.33,1,0.896,0.25
"2021-08-12 17:15:00",232752,13.22,0.646,16.33,1,0.896,0.25
"2021-08-12 17:30:00",232753,13.23,0.643,16.34,1,0.892,0.25
"2021-08-12 17:45:00",232754,13.23,0.643,16.35,1,0.893,0.25
"2021-08-12 18:00:00",232755,13.24,0.641,16.34,1,0.891,0.25
"2021-08-12 18:15:00",232756,13.24,0.64,16.32,1,0.89,0.25
"2021-08-12 18:30:00",232757,13.24,0.64,16.29,1,0.889,0.25
"2021-08-12 18:45:00",232758,13.2,0.638,16.25,1,0.888,0.25
"2021-08-12 19:00:00",232759,13.17,0.638,16.2,1,0.888,0.25
"2021-08-12 19:15:00",232760,13.15,0.636,16.17,1,0.886,0.25
"2021-08-12 19:30:00",232761,13.13,0.635,16.13,1,0.885,0.25
"2021-08-12 19:45:00",232762,13.11,0.634,16.08,1,0.884,0.25
"2021-08-12 20:00:00",232763,13.09,0.633,16.02,1,0.883,0.25
"2021-08-12 20:15:00",232764,13.08,0.633,15.94,1,0.882,0.25
"2021-08-12 20:30:00",232765,13.06,0.631,15.87,1,0.881,0.25
"2021-08-12 20:45:00",232766,13.05,0.631,15.78,1,0.881,0.25
"2021-08-12 21:00:00",232767,13.03,0.631,15.69,1,0.88,0.25
"2021-08-12 21:15:00",232768,13.01,0.629,15.61,1,0.879,0.25
"2021-08-12 21:30:00",232769,13,0.63,15.51,1,0.879,0.25
"2021-08-12 21:45:00",232770,12.98,0.628,15.41,1,0.878,0.25
"2021-08-12 22:00:00",232771,12.97,0.628,15.3,1,0.878,0.25
"2021-08-12 22:15:00",232772,12.96,0.628,15.2,1,0.877,0.25
"2021-08-12 22:30:00",232773,12.95,0.626,15.09,1,0.876,0.25
"2021-08-12 22:45:00",232774,12.93,0.627,14.99,1,0.876,0.25
"2021-08-12 23:00:00",232775,12.92,0.625,14.88,1,0.875,0.25
"2021-08-12 23:15:00",232776,12.91,0.626,14.77,1,0.875,0.25
"2021-08-12 23:30:00",232777,12.9,0.626,14.68,1,0.875,0.25
"2021-08-12 23:45:00",232778,12.89,0.625,14.58,1,0.874,0.25
"2021-08-13 00:00:00",232779,12.88,0.624,14.48,1,0.874,0.25
"2021-08-13 00:15:00",232780,12.86,0.625,14.38,1,0.875,0.25
"2021-08-13 00:30:00",232781,12.85,0.625,14.29,1,0.874,0.25
"2021-08-13 00:45:00",232782,12.84,0.625,14.21,1,0.874,0.25
"2021-08-13 01:00:00",232783,12.83,0.626,14.12,1,0.875,0.25
"2021-08-13 01:15:00",232784,12.81,0.625,14.03,1,0.875,0.25
"2021-08-13 01:30:00",232785,12.81,0.627,13.95,1,0.876,0.25
"2021-08-13 01:45:00",232786,12.79,0.626,13.87,1,0.876,0.25
"2021-08-13 02:00:00",232787,12.78,0.627,13.79,1,0.877,0.25
"2021-08-13 02:15:00",232788,12.77,0.628,13.72,1,0.878,0.25
"2021-08-13 02:30:00",232789,12.76,0.628,13.64,1,0.878,0.25
"2021-08-13 02:45:00",232790,12.75,0.629,13.57,1,0.878,0.25
"2021-08-13 03:00:00",232791,12.74,0.628,13.49,1,0.878,0.25
"2021-08-13 03:15:00",232792,12.73,0.629,13.42,1,0.879,0.25
"2021-08-13 03:30:00",232793,12.72,0.629,13.35,1,0.879,0.25
"2021-08-13 03:45:00",232794,12.71,0.63,13.29,1,0.88,0.25
"2021-08-13 04:00:00",232795,12.7,0.63,13.21,1,0.88,0.25
"2021-08-13 04:15:00",232796,12.69,0.63,13.14,1,0.879,0.25
"2021-08-13 04:30:00",232797,12.68,0.631,13.08,1,0.881,0.25
"2021-08-13 04:45:00",232798,12.67,0.632,13.01,1,0.882,0.25
"2021-08-13 05:00:00",232799,12.66,0.632,12.94,1,0.881,0.25
"2021-08-13 05:15:00",232800,12.65,0.632,12.87,1,0.882,0.25
"2021-08-13 05:30:00",232801,12.64,0.633,12.8,1,0.883,0.25
"2021-08-13 05:45:00",232802,12.64,0.634,12.73,1,0.883,0.25
"2021-08-13 06:00:00",232803,12.62,0.634,12.65,1,0.884,0.25
"2021-08-13 06:15:00",232804,12.62,0.634,12.58,1,0.884,0.25
"2021-08-13 06:30:00",232805,12.61,0.635,12.51,1,0.885,0.25
"2021-08-13 06:45:00",232806,12.6,0.637,12.44,1,0.887,0.25
"2021-08-13 07:00:00",232807,12.6,0.637,12.37,1,0.886,0.25
"2021-08-13 07:15:00",232808,12.59,0.635,12.32,1,0.885,0.25
"2021-08-13 07:30:00",232809,12.58,0.636,12.27,1,0.885,0.25
"2021-08-13 07:45:00",232810,12.59,0.635,12.23,1,0.885,0.25
"2021-08-13 08:00:00",232811,12.63,0.636,12.2,1,0.886,0.25
"2021-08-13 08:15:00",232812,12.69,0.637,12.19,1,0.886,0.25
"2021-08-13 08:30:00",232813,12.78,0.637,12.2,1,0.887,0.25
"2021-08-13 08:45:00",232814,12.9,0.637,12.22,1,0.887,0.25
"2021-08-13 09:00:00",232815,13.06,0.637,12.27,1,0.887,0.25
"2021-08-13 09:15:00",232816,13.28,0.638,12.36,1,0.887,0.25
"2021-08-13 09:30:00",232817,13.42,0.639,12.5,1,0.888,0.25
"2021-08-13 09:45:00",232818,13.39,0.639,12.74,1,0.889,0.25
"2021-08-13 10:00:00",232819,13.38,0.639,13.04,1,0.889,0.25
"2021-08-13 10:15:00",232820,13.36,0.639,13.27,1,0.889,0.25
"2021-08-13 10:30:00",232821,13.35,0.639,13.52,1,0.889,0.25
"2021-08-13 10:45:00",232822,13.34,0.639,13.77,1,0.888,0.25
"2021-08-13 11:00:00",232823,13.32,0.64,14.07,1,0.89,0.25
"2021-08-13 11:15:00",232824,13.31,0.641,14.33,1,0.89,0.25
"2021-08-13 11:30:00",232825,13.3,0.64,14.56,1,0.89,0.25
"2021-08-13 11:45:00",232826,13.31,0.64,14.67,1,0.89,0.25
"2021-08-13 12:00:00",232827,13.31,0.641,14.67,1,0.891,0.25
"2021-08-13 12:15:00",232828,13.31,0.64,14.68,1,0.89,0.25
"2021-08-13 12:30:00",232829,13.32,0.642,14.71,1,0.891,0.25
"2021-08-13 12:45:00",232830,13.33,0.642,14.71,1,0.892,0.25
"2021-08-13 13:00:00",232831,13.33,0.643,14.66,1,0.892,0.25
"2021-08-13 13:15:00",232832,13.29,0.643,14.57,1,0.893,0.25
"2021-08-13 13:30:00",232833,13.3,0.646,14.43,1,0.895,0.25
"2021-08-13 13:45:00",232834,13.35,0.648,14.29,1,0.898,0.25
"2021-08-13 14:00:00",232835,13.35,0.649,14.18,1,0.899,0.25
"2021-08-13 14:15:00",232836,13.35,0.65,14.14,1,0.899,0.25
"2021-08-13 14:30:00",232837,13.35,0.648,14.19,1,0.898,0.25
"2021-08-13 14:45:00",232838,13.34,0.649,14.21,1,0.899,0.25
"2021-08-13 15:00:00",232839,13.33,0.65,14.32,1,0.9,0.25
"2021-08-13 15:15:00",232840,13.31,0.651,14.51,1,0.901,0.25
"2021-08-13 15:30:00",232841,13.31,0.653,14.67,1,0.902,0.25
"2021-08-13 15:45:00",232842,13.31,0.653,14.8,1,0.902,0.25
"2021-08-13 16:00:00",232843,13.31,0.653,14.92,1,0.902,0.25
"2021-08-13 16:15:00",232844,13.3,0.653,15.07,1,0.903,0.25
"2021-08-13 16:30:00",232845,13.3,0.652,15.15,1,0.902,0.25
"2021-08-13 16:45:00",232846,13.31,0.653,15.19,1,0.903,0.25
"2021-08-13 17:00:00",232847,13.31,0.653,15.2,1,0.903,0.25
"2021-08-13 17:15:00",232848,13.29,0.652,15.19,1,0.902,0.25
"2021-08-13 17:30:00",232849,13.31,0.651,15.15,1,0.9,0.25
"2021-08-13 17:45:00",232850,13.32,0.65,15.11,1,0.899,0.25
"2021-08-13 18:00:00",232851,13.32,0.649,15.06,1,0.898,0.25
"2021-08-13 18:15:00",232852,13.32,0.647,15.01,1,0.897,0.25
"2021-08-13 18:30:00",232853,13.32,0.648,14.97,1,0.897,0.25
"2021-08-13 18:45:00",232854,13.29,0.646,14.93,1,0.896,0.25
"2021-08-13 19:00:00",232855,13.27,0.645,14.9,1,0.895,0.25
"2021-08-13 19:15:00",232856,13.24,0.643,14.86,1,0.893,0.25
"2021-08-13 19:30:00",232857,13.22,0.642,14.83,1,0.892,0.25
"2021-08-13 19:45:00",232858,13.2,0.642,14.79,1,0.891,0.25
"2021-08-13 20:00:00",232859,13.18,0.64,14.73,1,0.89,0.25
"2021-08-13 20:15:00",232860,13.16,0.639,14.67,1,0.889,0.25
"2021-08-13 20:30:00",232861,13.14,0.638,14.61,1,0.888,0.25
"2021-08-13 20:45:00",232862,13.13,0.638,14.54,1,0.888,0.25
"2021-08-13 21:00:00",232863,13.11,0.637,14.47,1,0.887,0.25
"2021-08-13 21:15:00",232864,13.09,0.638,14.4,1,0.888,0.25
"2021-08-13 21:30:00",232865,13.08,0.638,14.32,1,0.888,0.25
"2021-08-13 21:45:00",232866,13.06,0.637,14.24,1,0.887,0.25
"2021-08-13 22:00:00",232867,13.05,0.638,14.16,1,0.887,0.25
"2021-08-13 22:15:00",232868,13.04,0.638,14.07,1,0.888,0.25
"2021-08-13 22:30:00",232869,13.02,0.638,13.99,1,0.888,0.25
"2021-08-13 22:45:00",232870,13.01,0.639,13.9,1,0.889,0.25
"2021-08-13 23:00:00",232871,12.99,0.641,13.82,1,0.89,0.25
"2021-08-13 23:15:00",232872,12.98,0.641,13.74,1,0.891,0.25
"2021-08-13 23:30:00",232873,12.96,0.641,13.66,1,0.89,0.25
"2021-08-13 23:45:00",232874,12.95,0.64,13.58,1,0.89,0.25
"2021-08-14 00:00:00",232875,12.94,0.64,13.51,1,0.89,0.25
"2021-08-14 00:15:00",232876,12.93,0.64,13.43,1,0.89,0.25
"2021-08-14 00:30:00",232877,12.92,0.64,13.36,1,0.889,0.25
"2021-08-14 00:45:00",232878,12.91,0.64,13.29,1,0.889,0.25
"2021-08-14 01:00:00",232879,12.89,0.639,13.22,1,0.889,0.25
"2021-08-14 01:15:00",232880,12.88,0.638,13.14,1,0.888,0.25
"2021-08-14 01:30:00",232881,12.87,0.639,13.07,1,0.889,0.25
"2021-08-14 01:45:00",232882,12.86,0.639,13,1,0.889,0.25
"2021-08-14 02:00:00",232883,12.84,0.64,12.93,1,0.889,0.25
"2021-08-14 02:15:00",232884,12.84,0.64,12.86,1,0.89,0.25
"2021-08-14 02:30:00",232885,12.83,0.641,12.8,1,0.891,0.25
"2021-08-14 02:45:00",232886,12.82,0.641,12.74,1,0.891,0.25
"2021-08-14 03:00:00",232887,12.8,0.642,12.67,1,0.891,0.25
"2021-08-14 03:15:00",232888,12.79,0.642,12.61,1,0.891,0.25
"2021-08-14 03:30:00",232889,12.79,0.64,12.56,1,0.89,0.25
"2021-08-14 03:45:00",232890,12.78,0.64,12.51,1,0.89,0.25
"2021-08-14 04:00:00",232891,12.77,0.639,12.47,1,0.889,0.25
"2021-08-14 04:15:00",232892,12.76,0.639,12.43,1,0.889,0.25
"2021-08-14 04:30:00",232893,12.74,0.64,12.38,1,0.889,0.25
"2021-08-14 04:45:00",232894,12.73,0.639,12.34,1,0.889,0.25
"2021-08-14 05:00:00",232895,12.73,0.639,12.3,1,0.889,0.25
"2021-08-14 05:15:00",232896,12.72,0.64,12.25,1,0.89,0.25
"2021-08-14 05:30:00",232897,12.71,0.64,12.2,1,0.89,0.25
"2021-08-14 05:45:00",232898,12.7,0.64,12.15,1,0.89,0.25
"2021-08-14 06:00:00",232899,12.68,0.641,12.09,1,0.891,0.25
"2021-08-14 06:15:00",232900,12.67,0.64,12.04,1,0.89,0.25
"2021-08-14 06:30:00",232901,12.66,0.64,11.99,1,0.89,0.25
"2021-08-14 06:45:00",232902,12.66,0.64,11.93,1,0.889,0.25
"2021-08-14 07:00:00",232903,12.65,0.641,11.87,1,0.891,0.25
"2021-08-14 07:15:00",232904,12.64,0.641,11.82,1,0.891,0.25
"2021-08-14 07:30:00",232905,12.63,0.641,11.78,1,0.891,0.25
"2021-08-14 07:45:00",232906,12.63,0.642,11.74,1,0.892,0.25
"2021-08-14 08:00:00",232907,12.66,0.641,11.7,1,0.89,0.25
"2021-08-14 08:15:00",232908,12.72,0.64,11.68,1,0.89,0.25
"2021-08-14 08:30:00",232909,12.79,0.64,11.68,1,0.889,0.25
"2021-08-14 08:45:00",232910,12.9,0.64,11.71,1,0.89,0.25
"2021-08-14 09:00:00",232911,13.06,0.641,11.75,1,0.89,0.25
"2021-08-14 09:15:00",232912,13.26,0.641,11.84,1,0.89,0.25
"2021-08-14 09:30:00",232913,13.41,0.64,11.98,1,0.89,0.25
"2021-08-14 09:45:00",232914,13.4,0.641,12.23,1,0.89,0.25
"2021-08-14 10:00:00",232915,13.38,0.642,12.53,1,0.891,0.25
"2021-08-14 10:15:00",232916,13.36,0.641,12.77,1,0.891,0.25
"2021-08-14 10:30:00",232917,13.35,0.642,13.03,1,0.892,0.25
"2021-08-14 10:45:00",232918,13.33,0.641,13.29,1,0.891,0.25
"2021-08-14 11:00:00",232919,13.32,0.642,13.59,1,0.891,0.25
"2021-08-14 11:15:00",232920,13.31,0.641,13.84,1,0.891,0.25
"2021-08-14 11:30:00",232921,13.31,0.641,14.13,1,0.891,0.25
"2021-08-14 11:45:00",232922,13.29,0.641,14.43,1,0.891,0.25
"2021-08-14 12:00:00",232923,13.28,0.642,14.75,1,0.891,0.25
"2021-08-14 12:15:00",232924,13.27,0.639,15.08,1,0.889,0.25
"2021-08-14 12:30:00",232925,13.26,0.641,15.43,1,0.89,0.25
"2021-08-14 12:45:00",232926,13.24,0.642,15.77,1,0.891,0.25
"2021-08-14 13:00:00",232927,13.23,0.641,16.14,1,0.89,0.25
"2021-08-14 13:15:00",232928,13.22,0.64,16.49,1,0.89,0.25
"2021-08-14 13:30:00",232929,13.21,0.641,16.8,1,0.891,0.25
"2021-08-14 13:45:00",232930,13.22,0.64,17.02,1,0.89,0.25
"2021-08-14 14:00:00",232931,13.21,0.641,17.1,1,0.89,0.25
"2021-08-14 14:15:00",232932,13.21,0.642,17.27,1,0.892,0.25
"2021-08-14 14:30:00",232933,13.21,0.644,17.32,1,0.893,0.25
"2021-08-14 14:45:00",232934,13.21,0.641,17.29,1,0.89,0.25
"2021-08-14 15:00:00",232935,13.2,0.641,17.36,1,0.89,0.25
"2021-08-14 15:15:00",232936,13.21,0.64,17.35,1,0.89,0.25
"2021-08-14 15:30:00",232937,13.19,0.639,17.31,1,0.888,0.25
"2021-08-14 15:45:00",232938,13.19,0.64,17.31,1,0.89,0.25
"2021-08-14 16:00:00",232939,13.19,0.637,17.32,1,0.887,0.25
"2021-08-14 16:15:00",232940,13.19,0.638,17.3,1,0.887,0.25
"2021-08-14 16:30:00",232941,13.19,0.638,17.29,1,0.887,0.25
"2021-08-14 16:45:00",232942,13.21,0.636,17.25,1,0.886,0.25
"2021-08-14 17:00:00",232943,13.21,0.637,17.23,1,0.887,0.25
"2021-08-14 17:15:00",232944,13.22,0.635,17.16,1,0.885,0.25
"2021-08-14 17:30:00",232945,13.22,0.636,17.07,1,0.886,0.25
"2021-08-14 17:45:00",232946,13.23,0.637,16.99,1,0.886,0.25
"2021-08-14 18:00:00",232947,13.17,0.636,16.89,1,0.886,0.25
"2021-08-14 18:15:00",232948,13.18,0.634,16.82,1,0.884,0.25
"2021-08-14 18:30:00",232949,13.15,0.634,16.73,1,0.883,0.25
"2021-08-14 18:45:00",232950,13.14,0.633,16.66,1,0.883,0.25
"2021-08-14 19:00:00",232951,13.11,0.632,16.59,1,0.881,0.25
"2021-08-14 19:15:00",232952,13.1,0.632,16.52,1,0.881,0.25
"2021-08-14 19:30:00",232953,13.08,0.63,16.44,1,0.879,0.25
"2021-08-14 19:45:00",232954,13.06,0.63,16.36,1,0.879,0.25
"2021-08-14 20:00:00",232955,13.04,0.628,16.29,1,0.878,0.25
"2021-08-14 20:15:00",232956,13.03,0.628,16.24,1,0.877,0.25
"2021-08-14 20:30:00",232957,13.01,0.625,16.19,1,0.875,0.25
"2021-08-14 20:45:00",232958,13,0.625,16.14,1,0.875,0.25
"2021-08-14 21:00:00",232959,12.98,0.624,16.08,1,0.874,0.25
"2021-08-14 21:15:00",232960,12.97,0.624,16.03,1,0.873,0.25
"2021-08-14 21:30:00",232961,12.95,0.622,15.96,1,0.872,0.25
"2021-08-14 21:45:00",232962,12.94,0.622,15.89,1,0.872,0.25
"2021-08-14 22:00:00",232963,12.93,0.622,15.82,1,0.872,0.25
"2021-08-14 22:15:00",232964,12.92,0.622,15.75,1,0.872,0.25
"2021-08-14 22:30:00",232965,12.9,0.619,15.67,1,0.869,0.25
"2021-08-14 22:45:00",232966,12.89,0.621,15.6,1,0.87,0.25
"2021-08-14 23:00:00",232967,12.88,0.619,15.52,1,0.868,0.25
"2021-08-14 23:15:00",232968,12.86,0.619,15.45,1,0.868,0.25
"2021-08-14 23:30:00",232969,12.85,0.617,15.37,1,0.867,0.25
"2021-08-14 23:45:00",232970,12.84,0.618,15.3,1,0.868,0.25
"2021-08-15 00:00:00",232971,12.83,0.618,15.22,1,0.867,0.25
"2021-08-15 00:15:00",232972,12.82,0.617,15.14,1,0.866,0.25
"2021-08-15 00:30:00",232973,12.81,0.616,15.07,1,0.866,0.25
"2021-08-15 00:45:00",232974,12.8,0.616,14.99,1,0.866,0.25
"2021-08-15 01:00:00",232975,12.79,0.617,14.92,1,0.867,0.25
"2021-08-15 01:15:00",232976,12.78,0.616,14.83,1,0.866,0.25
"2021-08-15 01:30:00",232977,12.77,0.617,14.75,1,0.866,0.25
"2021-08-15 01:45:00",232978,12.76,0.617,14.67,1,0.866,0.25
"2021-08-15 02:00:00",232979,12.75,0.617,14.58,1,0.866,0.25
"2021-08-15 02:15:00",232980,12.74,0.617,14.5,1,0.867,0.25
"2021-08-15 02:30:00",232981,12.72,0.617,14.42,1,0.867,0.25
"2021-08-15 02:45:00",232982,12.71,0.618,14.34,1,0.868,0.25
"2021-08-15 03:00:00",232983,12.7,0.618,14.25,1,0.868,0.25
"2021-08-15 03:15:00",232984,12.69,0.619,14.17,1,0.868,0.25
"2021-08-15 03:30:00",232985,12.68,0.62,14.09,1,0.87,0.25
"2021-08-15 03:45:00",232986,12.68,0.621,14.01,1,0.87,0.25
"2021-08-15 04:00:00",232987,12.66,0.622,13.94,1,0.871,0.25
"2021-08-15 04:15:00",232988,12.65,0.622,13.86,1,0.871,0.25
"2021-08-15 04:30:00",232989,12.65,0.622,13.78,1,0.872,0.25
"2021-08-15 04:45:00",232990,12.64,0.623,13.7,1,0.873,0.25
"2021-08-15 05:00:00",232991,12.63,0.624,13.62,1,0.874,0.25
"2021-08-15 05:15:00",232992,12.62,0.625,13.54,1,0.874,0.25
"2021-08-15 05:30:00",232993,12.62,0.625,13.47,1,0.874,0.25
"2021-08-15 05:45:00",232994,12.61,0.625,13.39,1,0.875,0.25
"2021-08-15 06:00:00",232995,12.6,0.627,13.32,1,0.876,0.25
"2021-08-15 06:15:00",232996,12.6,0.626,13.25,1,0.876,0.25
"2021-08-15 06:30:00",232997,12.59,0.628,13.18,1,0.877,0.25
"2021-08-15 06:45:00",232998,12.58,0.628,13.12,1,0.878,0.25
"2021-08-15 07:00:00",232999,12.58,0.629,13.06,1,0.879,0.25
"2021-08-15 07:15:00",233000,12.57,0.629,13.02,1,0.879,0.25
"2021-08-15 07:30:00",233001,12.58,0.629,12.98,1,0.879,0.25
"2021-08-15 07:45:00",233002,12.62,0.629,12.95,1,0.879,0.25
"2021-08-15 08:00:00",233003,12.67,0.63,12.93,1,0.88,0.25
"2021-08-15 08:15:00",233004,12.72,0.63,12.92,1,0.88,0.25
"2021-08-15 08:30:00",233005,12.81,0.63,12.92,1,0.88,0.25
"2021-08-15 08:45:00",233006,12.94,0.629,12.94,1,0.879,0.25
"2021-08-15 09:00:00",233007,13.11,0.628,12.99,1,0.878,0.25
"2021-08-15 09:15:00",233008,13.32,0.629,13.07,1,0.879,0.25
"2021-08-15 09:30:00",233009,13.39,0.628,13.21,1,0.878,0.25
"2021-08-15 09:45:00",233010,13.37,0.63,13.44,1,0.879,0.25
"2021-08-15 10:00:00",233011,13.35,0.631,13.72,1,0.881,0.25
"2021-08-15 10:15:00",233012,13.34,0.63,13.94,1,0.88,0.25
"2021-08-15 10:30:00",233013,13.32,0.629,14.17,1,0.879,0.25
"2021-08-15 10:45:00",233014,13.31,0.631,14.41,1,0.88,0.25
"2021-08-15 11:00:00",233015,13.29,0.63,14.68,1,0.88,0.25
"2021-08-15 11:15:00",233016,13.28,0.63,14.92,1,0.88,0.25
"2021-08-15 11:30:00",233017,13.28,0.632,15.17,1,0.882,0.25
"2021-08-15 11:45:00",233018,13.27,0.632,15.46,1,0.881,0.25
"2021-08-15 12:00:00",233019,13.26,0.631,15.76,1,0.881,0.25
"2021-08-15 12:15:00",233020,13.24,0.629,16.06,1,0.879,0.25
"2021-08-15 12:30:00",233021,13.23,0.63,16.37,1,0.88,0.25
"2021-08-15 12:45:00",233022,13.22,0.631,16.68,1,0.88,0.25
"2021-08-15 13:00:00",233023,13.21,0.63,16.98,1,0.88,0.25
"2021-08-15 13:15:00",233024,13.2,0.63,17.27,1,0.879,0.25
"2021-08-15 13:30:00",233025,13.19,0.631,17.53,1,0.881,0.25
"2021-08-15 13:45:00",233026,13.19,0.631,17.76,1,0.88,0.25
"2021-08-15 14:00:00",233027,13.2,0.63,17.89,1,0.879,0.25
"2021-08-15 14:15:00",233028,13.2,0.629,17.87,1,0.879,0.25
"2021-08-15 14:30:00",233029,13.19,0.631,17.89,1,0.88,0.25
"2021-08-15 14:45:00",233030,13.19,0.63,17.99,1,0.88,0.25
"2021-08-15 15:00:00",233031,13.19,0.632,18,1,0.882,0.25
"2021-08-15 15:15:00",233032,13.18,0.632,17.94,1,0.882,0.25
"2021-08-15 15:30:00",233033,13.17,0.631,17.91,1,0.881,0.25
"2021-08-15 15:45:00",233034,13.17,0.631,17.96,1,0.88,0.25
"2021-08-15 16:00:00",233035,13.17,0.63,17.98,1,0.88,0.25
"2021-08-15 16:15:00",233036,13.17,0.63,17.97,1,0.88,0.25
"2021-08-15 16:30:00",233037,13.17,0.63,17.97,1,0.879,0.25
"2021-08-15 16:45:00",233038,13.19,0.629,17.93,1,0.878,0.25
"2021-08-15 17:00:00",233039,13.19,0.629,17.88,1,0.878,0.25
"2021-08-15 17:15:00",233040,13.19,0.628,17.8,1,0.878,0.25
"2021-08-15 17:30:00",233041,13.21,0.627,17.72,1,0.876,0.25
"2021-08-15 17:45:00",233042,13.21,0.626,17.65,1,0.876,0.25
"2021-08-15 18:00:00",233043,13.22,0.625,17.58,1,0.874,0.25
"2021-08-15 18:15:00",233044,13.22,0.624,17.53,1,0.874,0.25
"2021-08-15 18:30:00",233045,13.21,0.624,17.49,1,0.873,0.25
"2021-08-15 18:45:00",233046,13.18,0.622,17.43,1,0.872,0.25
"2021-08-15 19:00:00",233047,13.16,0.623,17.37,1,0.873,0.25
"2021-08-15 19:15:00",233048,13.13,0.621,17.31,1,0.871,0.25
"2021-08-15 19:30:00",233049,13.11,0.621,17.25,1,0.871,0.25
"2021-08-15 19:45:00",233050,13.09,0.619,17.19,1,0.869,0.25
"2021-08-15 20:00:00",233051,13.07,0.618,17.12,1,0.868,0.25
"2021-08-15 20:15:00",233052,13.05,0.618,17.06,1,0.867,0.25
"2021-08-15 20:30:00",233053,13.03,0.618,17,1,0.868,0.25
"2021-08-15 20:45:00",233054,13.02,0.616,16.93,1,0.866,0.25
"2021-08-15 21:00:00",233055,13,0.614,16.86,1,0.864,0.25
"2021-08-15 21:15:00",233056,12.99,0.614,16.79,1,0.864,0.25
"2021-08-15 21:30:00",233057,12.97,0.614,16.72,1,0.863,0.25
"2021-08-15 21:45:00",233058,12.96,0.613,16.64,1,0.863,0.25
"2021-08-15 22:00:00",233059,12.95,0.612,16.56,1,0.862,0.25
"2021-08-15 22:15:00",233060,12.93,0.612,16.48,1,0.861,0.25
"2021-08-15 22:30:00",233061,12.92,0.611,16.4,1,0.86,0.25
"2021-08-15 22:45:00",233062,12.91,0.611,16.32,1,0.86,0.25
"2021-08-15 23:00:00",233063,12.9,0.61,16.24,1,0.86,0.25
"2021-08-15 23:15:00",233064,12.89,0.609,16.16,1,0.858,0.25
"2021-08-15 23:30:00",233065,12.87,0.609,16.08,1,0.858,0.25
"2021-08-15 23:45:00",233066,12.86,0.608,15.99,1,0.858,0.25
"2021-08-16 00:00:00",233067,12.85,0.607,15.91,1,0.857,0.25
"2021-08-16 00:15:00",233068,12.83,0.607,15.82,1,0.856,0.25
"2021-08-16 00:30:00",233069,12.82,0.607,15.74,1,0.857,0.25
"2021-08-16 00:45:00",233070,12.81,0.607,15.65,1,0.856,0.25
"2021-08-16 01:00:00",233071,12.8,0.606,15.56,1,0.856,0.25
"2021-08-16 01:15:00",233072,12.79,0.606,15.47,1,0.856,0.25
"2021-08-16 01:30:00",233073,12.78,0.606,15.38,1,0.856,0.25
"2021-08-16 01:45:00",233074,12.77,0.607,15.29,1,0.857,0.25
"2021-08-16 02:00:00",233075,12.76,0.607,15.2,1,0.857,0.25
"2021-08-16 02:15:00",233076,12.75,0.607,15.12,1,0.857,0.25
"2021-08-16 02:30:00",233077,12.74,0.608,15.03,1,0.857,0.25
"2021-08-16 02:45:00",233078,12.73,0.608,14.94,1,0.857,0.25
"2021-08-16 03:00:00",233079,12.72,0.607,14.85,1,0.857,0.25
"2021-08-16 03:15:00",233080,12.71,0.608,14.77,1,0.858,0.25
"2021-08-16 03:30:00",233081,12.7,0.609,14.68,1,0.858,0.25
"2021-08-16 03:45:00",233082,12.69,0.609,14.6,1,0.859,0.25
"2021-08-16 04:00:00",233083,12.68,0.61,14.51,1,0.86,0.25
"2021-08-16 04:15:00",233084,12.67,0.611,14.42,1,0.86,0.25
"2021-08-16 04:30:00",233085,12.66,0.611,14.33,1,0.861,0.25
"2021-08-16 04:45:00",233086,12.65,0.612,14.24,1,0.862,0.25
"2021-08-16 05:00:00",233087,12.64,0.613,14.16,1,0.863,0.25
"2021-08-16 05:15:00",233088,12.64,0.615,14.07,1,0.864,0.25
"2021-08-16 05:30:00",233089,12.63,0.615,13.99,1,0.865,0.25
"2021-08-16 05:45:00",233090,12.62,0.615,13.91,1,0.865,0.25
"2021-08-16 06:00:00",233091,12.61,0.616,13.83,1,0.866,0.25
"2021-08-16 06:15:00",233092,12.6,0.618,13.76,1,0.867,0.25
"2021-08-16 06:30:00",233093,12.59,0.618,13.69,1,0.868,0.25
"2021-08-16 06:45:00",233094,12.59,0.619,13.62,1,0.869,0.25
"2021-08-16 07:00:00",233095,12.58,0.62,13.56,1,0.87,0.25
"2021-08-16 07:15:00",233096,12.58,0.621,13.5,1,0.871,0.25
"2021-08-16 07:30:00",233097,12.57,0.621,13.46,1,0.871,0.25
"2021-08-16 07:45:00",233098,12.59,0.622,13.41,1,0.871,0.25
"2021-08-16 08:00:00",233099,12.63,0.622,13.38,1,0.872,0.25
"2021-08-16 08:15:00",233100,12.7,0.621,13.36,1,0.871,0.25
"2021-08-16 08:30:00",233101,12.8,0.619,13.36,1,0.869,0.25
"2021-08-16 08:45:00",233102,12.94,0.621,13.38,1,0.871,0.25
"2021-08-16 09:00:00",233103,13.12,0.621,13.42,1,0.87,0.25
"2021-08-16 09:15:00",233104,13.35,0.621,13.49,1,0.87,0.25
"2021-08-16 09:30:00",233105,13.38,0.621,13.62,1,0.871,0.25
"2021-08-16 09:45:00",233106,13.37,0.622,13.83,1,0.872,0.25
"2021-08-16 10:00:00",233107,13.35,0.622,14.08,1,0.872,0.25
"2021-08-16 10:15:00",233108,13.34,0.623,14.3,1,0.872,0.25
"2021-08-16 10:30:00",233109,13.33,0.623,14.52,1,0.872,0.25
"2021-08-16 10:45:00",233110,13.31,0.624,14.78,1,0.873,0.25
"2021-08-16 11:00:00",233111,13.29,0.626,15.02,1,0.875,0.25
"2021-08-16 11:15:00",233112,13.29,0.626,15.27,1,0.876,0.25
"2021-08-16 11:30:00",233113,13.28,0.625,15.52,1,0.874,0.25
"2021-08-16 11:45:00",233114,13.27,0.623,15.79,1,0.873,0.25
"2021-08-16 12:00:00",233115,13.26,0.625,16.08,1,0.875,0.25
"2021-08-16 12:15:00",233116,13.24,0.626,16.36,1,0.876,0.25
"2021-08-16 12:30:00",233117,13.24,0.625,16.58,1,0.875,0.25
"2021-08-16 12:45:00",233118,13.24,0.623,16.69,1,0.873,0.25
"2021-08-16 13:00:00",233119,13.23,0.623,16.79,1,0.872,0.25
"2021-08-16 13:15:00",233120,13.22,0.623,16.93,1,0.873,0.25
"2021-08-16 13:30:00",233121,13.22,0.625,17.11,1,0.874,0.25
"2021-08-16 13:45:00",233122,13.21,0.623,17.32,1,0.873,0.25
"2021-08-16 14:00:00",233123,13.21,0.627,17.5,1,0.877,0.25
"2021-08-16 14:15:00",233124,13.2,0.627,17.61,1,0.877,0.25
"2021-08-16 14:30:00",233125,13.19,0.625,17.64,1,0.875,0.25
"2021-08-16 14:45:00",233126,13.19,0.624,17.74,1,0.873,0.25
"2021-08-16 15:00:00",233127,13.18,0.621,17.85,1,0.871,0.25
"2021-08-16 15:15:00",233128,13.18,0.622,18,1,0.872,0.25
"2021-08-16 15:30:00",233129,13.17,0.624,18.14,1,0.874,0.25
"2021-08-16 15:45:00",233130,13.17,0.623,18.25,1,0.873,0.25
"2021-08-16 16:00:00",233131,13.17,0.622,18.33,1,0.872,0.25
"2021-08-16 16:15:00",233132,13.17,0.621,18.4,1,0.871,0.25
"2021-08-16 16:30:00",233133,13.17,0.619,18.44,1,0.869,0.25
"2021-08-16 16:45:00",233134,13.18,0.62,18.44,1,0.87,0.25
"2021-08-16 17:00:00",233135,13.18,0.62,18.43,1,0.869,0.25
"2021-08-16 17:15:00",233136,13.18,0.619,18.4,1,0.869,0.25
"2021-08-16 17:30:00",233137,13.18,0.619,18.33,1,0.868,0.25
"2021-08-16 17:45:00",233138,13.19,0.623,18.25,1,0.873,0.25
"2021-08-16 18:00:00",233139,13.2,0.62,18.16,1,0.87,0.25
"2021-08-16 18:15:00",233140,13.2,0.621,18.05,1,0.87,0.25
"2021-08-16 18:30:00",233141,13.16,0.619,17.93,1,0.869,0.25
"2021-08-16 18:45:00",233142,13.14,0.618,17.8,1,0.868,0.25
"2021-08-16 19:00:00",233143,13.11,0.617,17.68,1,0.867,0.25
"2021-08-16 19:15:00",233144,13.09,0.617,17.56,1,0.866,0.25
"2021-08-16 19:30:00",233145,13.07,0.618,17.45,1,0.868,0.25
"2021-08-16 19:45:00",233146,13.05,0.616,17.33,1,0.866,0.25
"2021-08-16 20:00:00",233147,13.03,0.615,17.22,1,0.864,0.25
"2021-08-16 20:15:00",233148,13.02,0.614,17.11,1,0.864,0.25
"2021-08-16 20:30:00",233149,13,0.613,17,1,0.863,0.25
"2021-08-16 20:45:00",233150,12.98,0.612,16.9,1,0.862,0.25
"2021-08-16 21:00:00",233151,12.98,0.611,16.81,1,0.861,0.25
"2021-08-16 21:15:00",233152,12.96,0.61,16.71,1,0.86,0.25
"2021-08-16 21:30:00",233153,12.94,0.61,16.61,1,0.86,0.25
"2021-08-16 21:45:00",233154,12.93,0.609,16.51,1,0.858,0.25
"2021-08-16 22:00:00",233155,12.92,0.609,16.41,1,0.859,0.25
"2021-08-16 22:15:00",233156,12.91,0.608,16.31,1,0.857,0.25
"2021-08-16 22:30:00",233157,12.89,0.607,16.21,1,0.857,0.25
"2021-08-16 22:45:00",233158,12.87,0.606,16.11,1,0.856,0.25
"2021-08-16 23:00:00",233159,12.86,0.607,16.01,1,0.856,0.25
"2021-08-16 23:15:00",233160,12.85,0.605,15.91,1,0.854,0.25
"2021-08-16 23:30:00",233161,12.84,0.605,15.82,1,0.854,0.25
"2021-08-16 23:45:00",233162,12.83,0.605,15.73,1,0.854,0.25
"2021-08-17 00:00:00",233163,12.82,0.604,15.64,1,0.854,0.25
"2021-08-17 00:15:00",233164,12.81,0.604,15.55,1,0.854,0.25
"2021-08-17 00:30:00",233165,12.8,0.603,15.46,1,0.853,0.25
"2021-08-17 00:45:00",233166,12.78,0.602,15.38,1,0.852,0.25
"2021-08-17 01:00:00",233167,12.78,0.603,15.29,1,0.852,0.25
"2021-08-17 01:15:00",233168,12.77,0.602,15.2,1,0.852,0.25
"2021-08-17 01:30:00",233169,12.76,0.603,15.11,1,0.853,0.25
"2021-08-17 01:45:00",233170,12.75,0.603,15.02,1,0.852,0.25
"2021-08-17 02:00:00",233171,12.73,0.602,14.93,1,0.852,0.25
"2021-08-17 02:15:00",233172,12.72,0.602,14.84,1,0.852,0.25
"2021-08-17 02:30:00",233173,12.71,0.603,14.75,1,0.852,0.25
"2021-08-17 02:45:00",233174,12.7,0.603,14.65,1,0.853,0.25
"2021-08-17 03:00:00",233175,12.69,0.604,14.56,1,0.853,0.25
"2021-08-17 03:15:00",233176,12.68,0.603,14.47,1,0.853,0.25
"2021-08-17 03:30:00",233177,12.67,0.604,14.37,1,0.853,0.25
"2021-08-17 03:45:00",233178,12.67,0.604,14.27,1,0.854,0.25
"2021-08-17 04:00:00",233179,12.66,0.604,14.16,1,0.854,0.25
"2021-08-17 04:15:00",233180,12.65,0.604,14.07,1,0.854,0.25
"2021-08-17 04:30:00",233181,12.64,0.604,13.96,1,0.854,0.25
"2021-08-17 04:45:00",233182,12.63,0.605,13.85,1,0.854,0.25
"2021-08-17 05:00:00",233183,12.62,0.604,13.75,1,0.854,0.25
"2021-08-17 05:15:00",233184,12.61,0.606,13.65,1,0.855,0.25
"2021-08-17 05:30:00",233185,12.6,0.607,13.55,1,0.856,0.25
"2021-08-17 05:45:00",233186,12.6,0.607,13.45,1,0.857,0.25
"2021-08-17 06:00:00",233187,12.59,0.608,13.35,1,0.858,0.25
"2021-08-17 06:15:00",233188,12.58,0.609,13.25,1,0.859,0.25
"2021-08-17 06:30:00",233189,12.58,0.61,13.16,1,0.86,0.25
"2021-08-17 06:45:00",233190,12.56,0.612,13.06,1,0.861,0.25
"2021-08-17 07:00:00",233191,12.56,0.611,12.98,1,0.861,0.25
"2021-08-17 07:15:00",233192,12.55,0.612,12.91,1,0.862,0.25
"2021-08-17 07:30:00",233193,12.55,0.613,12.83,1,0.862,0.25
"2021-08-17 07:45:00",233194,12.55,0.612,12.77,1,0.862,0.25
"2021-08-17 08:00:00",233195,12.58,0.612,12.71,1,0.862,0.25
"2021-08-17 08:15:00",233196,12.63,0.612,12.68,1,0.861,0.25
"2021-08-17 08:30:00",233197,12.7,0.615,12.65,1,0.864,0.25
"2021-08-17 08:45:00",233198,12.81,0.612,12.64,1,0.862,0.25
"2021-08-17 09:00:00",233199,12.96,0.614,12.65,1,0.864,0.25
"2021-08-17 09:15:00",233200,13.15,0.615,12.69,1,0.865,0.25
"2021-08-17 09:30:00",233201,13.35,0.614,12.8,1,0.863,0.25
"2021-08-17 09:45:00",233202,13.34,0.615,13.07,1,0.865,0.25
"2021-08-17 10:00:00",233203,13.34,0.616,13.39,1,0.866,0.25
"2021-08-17 10:15:00",233204,13.32,0.617,13.61,1,0.866,0.25
"2021-08-17 10:30:00",233205,13.31,0.616,13.81,1,0.865,0.25
"2021-08-17 10:45:00",233206,13.31,0.616,14.05,1,0.866,0.25
"2021-08-17 11:00:00",233207,13.31,0.617,14.28,1,0.866,0.25
"2021-08-17 11:15:00",233208,13.31,0.616,14.52,1,0.865,0.25
"2021-08-17 11:30:00",233209,13.31,0.615,14.75,1,0.865,0.25
"2021-08-17 11:45:00",233210,13.3,0.617,14.99,1,0.867,0.25
"2021-08-17 12:00:00",233211,13.3,0.615,15.3,1,0.865,0.25
"2021-08-17 12:15:00",233212,13.28,0.615,15.58,1,0.865,0.25
"2021-08-17 12:30:00",233213,13.27,0.615,15.91,1,0.865,0.25
"2021-08-17 12:45:00",233214,13.26,0.615,16.26,1,0.865,0.25
"2021-08-17 13:00:00",233215,13.25,0.616,16.57,1,0.865,0.25
"2021-08-17 13:15:00",233216,13.24,0.615,16.88,1,0.865,0.25
"2021-08-17 13:30:00",233217,13.25,0.614,17.2,1,0.864,0.25
"2021-08-17 13:45:00",233218,13.25,0.612,17.51,1,0.862,0.25
"2021-08-17 14:00:00",233219,13.25,0.61,17.79,1,0.86,0.25
"2021-08-17 14:15:00",233220,13.25,0.611,18.03,1,0.86,0.25
"2021-08-17 14:30:00",233221,13.24,0.612,18.25,1,0.862,0.25
"2021-08-17 14:45:00",233222,13.23,0.611,18.42,1,0.861,0.25
"2021-08-17 15:00:00",233223,13.23,0.612,18.52,1,0.861,0.25
"2021-08-17 15:15:00",233224,13.23,0.611,18.62,1,0.861,0.25
"2021-08-17 15:30:00",233225,13.22,0.612,18.71,1,0.862,0.25
"2021-08-17 15:45:00",233226,13.22,0.612,18.75,1,0.861,0.25
"2021-08-17 16:00:00",233227,13.22,0.611,18.77,1,0.86,0.25
"2021-08-17 16:15:00",233228,13.21,0.611,18.77,1,0.861,0.25
"2021-08-17 16:30:00",233229,13.22,0.611,18.74,1,0.861,0.25
"2021-08-17 16:45:00",233230,13.23,0.609,18.69,1,0.859,0.25
"2021-08-17 17:00:00",233231,13.23,0.61,18.61,1,0.859,0.25
"2021-08-17 17:15:00",233232,13.22,0.609,18.49,1,0.859,0.25
"2021-08-17 17:30:00",233233,13.23,0.608,18.36,1,0.858,0.25
"2021-08-17 17:45:00",233234,13.2,0.608,18.18,1,0.858,0.25
"2021-08-17 18:00:00",233235,13.17,0.605,18.01,1,0.855,0.25
"2021-08-17 18:15:00",233236,13.16,0.605,17.83,1,0.854,0.25
"2021-08-17 18:30:00",233237,13.14,0.605,17.64,1,0.854,0.25
"2021-08-17 18:45:00",233238,13.12,0.603,17.45,1,0.853,0.25
"2021-08-17 19:00:00",233239,13.09,0.603,17.27,1,0.853,0.25
"2021-08-17 19:15:00",233240,13.07,0.601,17.09,1,0.851,0.25
"2021-08-17 19:30:00",233241,13.06,0.601,16.92,1,0.851,0.25
"2021-08-17 19:45:00",233242,13.04,0.599,16.77,1,0.849,0.25
"2021-08-17 20:00:00",233243,13.03,0.599,16.63,1,0.849,0.25
"2021-08-17 20:15:00",233244,13.01,0.597,16.48,1,0.847,0.25
"2021-08-17 20:30:00",233245,13,0.597,16.34,1,0.847,0.25
"2021-08-17 20:45:00",233246,12.98,0.596,16.21,1,0.846,0.25
"2021-08-17 21:00:00",233247,12.97,0.595,16.08,1,0.845,0.25
"2021-08-17 21:15:00",233248,12.96,0.594,15.95,1,0.844,0.25
"2021-08-17 21:30:00",233249,12.95,0.593,15.83,1,0.842,0.25
"2021-08-17 21:45:00",233250,12.93,0.592,15.71,1,0.842,0.25
"2021-08-17 22:00:00",233251,12.92,0.592,15.59,1,0.842,0.25
"2021-08-17 22:15:00",233252,12.9,0.59,15.47,1,0.839,0.25
"2021-08-17 22:30:00",233253,12.89,0.59,15.35,1,0.84,0.25
"2021-08-17 22:45:00",233254,12.88,0.59,15.23,1,0.839,0.25
"2021-08-17 23:00:00",233255,12.87,0.589,15.11,1,0.838,0.25
"2021-08-17 23:15:00",233256,12.86,0.588,14.99,1,0.837,0.25
"2021-08-17 23:30:00",233257,12.84,0.587,14.87,1,0.836,0.25
"2021-08-17 23:45:00",233258,12.83,0.587,14.75,1,0.836,0.25
"2021-08-18 00:00:00",233259,12.82,0.587,14.65,1,0.837,0.25
"2021-08-18 00:15:00",233260,12.81,0.585,14.55,1,0.835,0.25
"2021-08-18 00:30:00",233261,12.8,0.585,14.44,1,0.834,0.25
"2021-08-18 00:45:00",233262,12.79,0.585,14.34,1,0.834,0.25
"2021-08-18 01:00:00",233263,12.78,0.584,14.25,1,0.833,0.25
"2021-08-18 01:15:00",233264,12.77,0.584,14.14,1,0.834,0.25
"2021-08-18 01:30:00",233265,12.76,0.583,14.05,1,0.833,0.25
"2021-08-18 01:45:00",233266,12.75,0.584,13.95,1,0.834,0.25
"2021-08-18 02:00:00",233267,12.74,0.583,13.86,1,0.833,0.25
"2021-08-18 02:15:00",233268,12.73,0.583,13.76,1,0.833,0.25
"2021-08-18 02:30:00",233269,12.72,0.583,13.67,1,0.833,0.25
"2021-08-18 02:45:00",233270,12.71,0.583,13.58,1,0.832,0.25
"2021-08-18 03:00:00",233271,12.7,0.584,13.48,1,0.833,0.25
"2021-08-18 03:15:00",233272,12.68,0.584,13.39,1,0.834,0.25
"2021-08-18 03:30:00",233273,12.67,0.584,13.3,1,0.834,0.25
"2021-08-18 03:45:00",233274,12.66,0.584,13.2,1,0.834,0.25
"2021-08-18 04:00:00",233275,12.66,0.585,13.12,1,0.834,0.25
"2021-08-18 04:15:00",233276,12.65,0.585,13.03,1,0.835,0.25
"2021-08-18 04:30:00",233277,12.64,0.585,12.95,1,0.835,0.25
"2021-08-18 04:45:00",233278,12.63,0.586,12.86,1,0.836,0.25
"2021-08-18 05:00:00",233279,12.62,0.587,12.78,1,0.836,0.25
"2021-08-18 05:15:00",233280,12.61,0.587,12.7,1,0.836,0.25
"2021-08-18 05:30:00",233281,12.61,0.588,12.62,1,0.838,0.25
"2021-08-18 05:45:00",233282,12.6,0.588,12.54,1,0.838,0.25
"2021-08-18 06:00:00",233283,12.59,0.59,12.45,1,0.839,0.25
"2021-08-18 06:15:00",233284,12.58,0.591,12.38,1,0.841,0.25
"2021-08-18 06:30:00",233285,12.57,0.591,12.3,1,0.841,0.25
"2021-08-18 06:45:00",233286,12.56,0.592,12.23,1,0.841,0.25
"2021-08-18 07:00:00",233287,12.56,0.593,12.17,1,0.843,0.25
"2021-08-18 07:15:00",233288,12.55,0.593,12.11,1,0.843,0.25
"2021-08-18 07:30:00",233289,12.55,0.594,12.06,1,0.844,0.25
"2021-08-18 07:45:00",233290,12.54,0.595,12.02,1,0.845,0.25
"2021-08-18 08:00:00",233291,12.57,0.595,11.98,1,0.845,0.25
"2021-08-18 08:15:00",233292,12.63,0.591,11.94,1,0.84,0.25
"2021-08-18 08:30:00",233293,12.71,0.58,11.92,1,0.83,0.25
"2021-08-18 08:45:00",233294,12.83,0.591,11.93,1,0.841,0.25
"2021-08-18 09:00:00",233295,13.01,0.596,11.95,1,0.845,0.25
"2021-08-18 09:15:00",233296,13.23,0.597,12,1,0.846,0.25
"2021-08-18 09:30:00",233297,13.46,0.598,12.11,1,0.847,0.25
"2021-08-18 09:45:00",233298,13.44,0.598,12.36,1,0.847,0.25
"2021-08-18 10:00:00",233299,13.43,0.599,12.69,1,0.848,0.25
"2021-08-18 10:15:00",233300,13.43,0.6,12.92,1,0.85,0.25
"2021-08-18 10:30:00",233301,13.42,0.598,13.12,1,0.847,0.25
"2021-08-18 10:45:00",233302,13.43,0.6,13.34,1,0.85,0.25
"2021-08-18 11:00:00",233303,13.43,0.6,13.6,1,0.85,0.25
"2021-08-18 11:15:00",233304,13.43,0.599,13.81,1,0.849,0.25
"2021-08-18 11:30:00",233305,13.43,0.6,14.05,1,0.85,0.25
"2021-08-18 11:45:00",233306,13.43,0.599,14.31,1,0.849,0.25
"2021-08-18 12:00:00",233307,13.42,0.602,14.61,1,0.852,0.25
"2021-08-18 12:15:00",233308,13.4,0.601,14.91,1,0.851,0.25
"2021-08-18 12:30:00",233309,13.39,0.598,15.21,1,0.848,0.25
"2021-08-18 12:45:00",233310,13.38,0.601,15.54,1,0.85,0.25
"2021-08-18 13:00:00",233311,13.37,0.599,15.83,1,0.849,0.25
"2021-08-18 13:15:00",233312,13.37,0.602,16.14,1,0.851,0.25
"2021-08-18 13:30:00",233313,13.37,0.602,16.45,1,0.852,0.25
"2021-08-18 13:45:00",233314,13.37,0.6,16.73,1,0.85,0.25
"2021-08-18 14:00:00",233315,13.37,0.601,16.99,1,0.85,0.25
"2021-08-18 14:15:00",233316,13.34,0.6,17.25,1,0.85,0.25
"2021-08-18 14:30:00",233317,13.35,0.601,17.43,1,0.851,0.25
"2021-08-18 14:45:00",233318,13.35,0.6,17.49,1,0.849,0.25
"2021-08-18 15:00:00",233319,13.35,0.597,17.53,1,0.846,0.25
"2021-08-18 15:15:00",233320,13.34,0.601,17.58,1,0.85,0.25
"2021-08-18 15:30:00",233321,13.34,0.6,17.63,1,0.849,0.25
"2021-08-18 15:45:00",233322,13.34,0.6,17.65,1,0.849,0.25
"2021-08-18 16:00:00",233323,13.34,0.602,17.64,1,0.852,0.25
"2021-08-18 16:15:00",233324,13.33,0.602,17.6,1,0.852,0.25
"2021-08-18 16:30:00",233325,13.34,0.602,17.52,1,0.851,0.25
"2021-08-18 16:45:00",233326,13.35,0.603,17.42,1,0.853,0.25
"2021-08-18 17:00:00",233327,13.35,0.603,17.3,1,0.852,0.25
"2021-08-18 17:15:00",233328,13.34,0.601,17.18,1,0.851,0.25
"2021-08-18 17:30:00",233329,13.35,0.6,17.05,1,0.85,0.25
"2021-08-18 17:45:00",233330,13.37,0.601,16.87,1,0.85,0.25
"2021-08-18 18:00:00",233331,13.38,0.6,16.71,1,0.85,0.25
"2021-08-18 18:15:00",233332,13.37,0.6,16.54,1,0.85,0.25
"2021-08-18 18:30:00",233333,13.34,0.599,16.37,1,0.849,0.25
"2021-08-18 18:45:00",233334,13.31,0.598,16.18,1,0.848,0.25
"2021-08-18 19:00:00",233335,13.29,0.597,16,1,0.847,0.25
"2021-08-18 19:15:00",233336,13.26,0.596,15.83,1,0.846,0.25
"2021-08-18 19:30:00",233337,13.25,0.595,15.67,1,0.845,0.25
"2021-08-18 19:45:00",233338,13.22,0.596,15.51,1,0.845,0.25
"2021-08-18 20:00:00",233339,13.2,0.595,15.37,1,0.844,0.25
"2021-08-18 20:15:00",233340,13.18,0.594,15.21,1,0.844,0.25
"2021-08-18 20:30:00",233341,13.17,0.593,15.07,1,0.843,0.25
"2021-08-18 20:45:00",233342,13.15,0.592,14.94,1,0.842,0.25
"2021-08-18 21:00:00",233343,13.14,0.591,14.8,1,0.841,0.25
"2021-08-18 21:15:00",233344,13.12,0.59,14.67,1,0.84,0.25
"2021-08-18 21:30:00",233345,13.11,0.589,14.54,1,0.839,0.25
"2021-08-18 21:45:00",233346,13.1,0.589,14.4,1,0.838,0.25
"2021-08-18 22:00:00",233347,13.08,0.588,14.28,1,0.838,0.25
"2021-08-18 22:15:00",233348,13.07,0.587,14.15,1,0.837,0.25
"2021-08-18 22:30:00",233349,13.06,0.588,14.02,1,0.837,0.25
"2021-08-18 22:45:00",233350,13.04,0.587,13.9,1,0.836,0.25
"2021-08-18 23:00:00",233351,13.03,0.586,13.78,1,0.835,0.25
"2021-08-18 23:15:00",233352,13.02,0.585,13.67,1,0.834,0.25
"2021-08-18 23:30:00",233353,13.01,0.585,13.55,1,0.834,0.25
"2021-08-18 23:45:00",233354,13,0.584,13.43,1,0.834,0.25
"2021-08-19 00:00:00",233355,12.98,0.583,13.33,1,0.833,0.25
"2021-08-19 00:15:00",233356,12.97,0.582,13.22,1,0.832,0.25
"2021-08-19 00:30:00",233357,12.96,0.582,13.11,1,0.832,0.25
"2021-08-19 00:45:00",233358,12.95,0.582,13.01,1,0.832,0.25
"2021-08-19 01:00:00",233359,12.93,0.581,12.91,1,0.83,0.25
"2021-08-19 01:15:00",233360,12.92,0.581,12.81,1,0.831,0.25
"2021-08-19 01:30:00",233361,12.91,0.58,12.71,1,0.83,0.25
"2021-08-19 01:45:00",233362,12.9,0.581,12.61,1,0.83,0.25
"2021-08-19 02:00:00",233363,12.89,0.581,12.52,1,0.83,0.25
"2021-08-19 02:15:00",233364,12.88,0.58,12.42,1,0.83,0.25
"2021-08-19 02:30:00",233365,12.86,0.58,12.33,1,0.83,0.25
"2021-08-19 02:45:00",233366,12.85,0.58,12.24,1,0.83,0.25
"2021-08-19 03:00:00",233367,12.84,0.58,12.15,1,0.83,0.25
"2021-08-19 03:15:00",233368,12.83,0.581,12.05,1,0.83,0.25
"2021-08-19 03:30:00",233369,12.83,0.581,11.96,1,0.83,0.25
"2021-08-19 03:45:00",233370,12.8,0.581,11.87,1,0.83,0.25
"2021-08-19 04:00:00",233371,12.8,0.58,11.77,1,0.83,0.25
"2021-08-19 04:15:00",233372,12.78,0.581,11.67,1,0.83,0.25
"2021-08-19 04:30:00",233373,12.78,0.582,11.58,1,0.831,0.25
"2021-08-19 04:45:00",233374,12.77,0.582,11.49,1,0.831,0.25
"2021-08-19 05:00:00",233375,12.75,0.582,11.39,1,0.832,0.25
"2021-08-19 05:15:00",233376,12.74,0.582,11.29,1,0.832,0.25
"2021-08-19 05:30:00",233377,12.73,0.583,11.2,1,0.833,0.25
"2021-08-19 05:45:00",233378,12.72,0.584,11.11,1,0.834,0.25
"2021-08-19 06:00:00",233379,12.71,0.584,11.02,1,0.834,0.25
"2021-08-19 06:15:00",233380,12.7,0.585,10.92,1,0.834,0.25
"2021-08-19 06:30:00",233381,12.69,0.585,10.83,1,0.835,0.25
"2021-08-19 06:45:00",233382,12.68,0.586,10.73,1,0.836,0.25
"2021-08-19 07:00:00",233383,12.67,0.587,10.64,1,0.836,0.25
"2021-08-19 07:15:00",233384,12.66,0.587,10.55,1,0.837,0.25
"2021-08-19 07:30:00",233385,12.65,0.586,10.47,1,0.836,0.25
"2021-08-19 07:45:00",233386,12.65,0.586,10.39,1,0.836,0.25
"2021-08-19 08:00:00",233387,12.7,0.587,10.33,1,0.836,0.25
"2021-08-19 08:15:00",233388,12.76,0.587,10.28,1,0.837,0.25
"2021-08-19 08:30:00",233389,12.86,0.588,10.26,1,0.838,0.25
"2021-08-19 08:45:00",233390,13,0.588,10.25,1,0.838,0.25
"2021-08-19 09:00:00",233391,13.2,0.588,10.26,1,0.838,0.25
"2021-08-19 09:15:00",233392,13.61,0.589,10.29,1,0.839,0.25
"2021-08-19 09:30:00",233393,13.56,0.59,10.38,1,0.84,0.25
"2021-08-19 09:45:00",233394,13.53,0.591,10.64,1,0.841,0.25
"2021-08-19 10:00:00",233395,13.51,0.59,10.92,1,0.84,0.25
"2021-08-19 10:15:00",233396,13.49,0.593,11.11,1,0.842,0.25
"2021-08-19 10:30:00",233397,13.48,0.592,11.3,1,0.842,0.25
"2021-08-19 10:45:00",233398,13.48,0.593,11.53,1,0.842,0.25
"2021-08-19 11:00:00",233399,13.47,0.594,11.78,1,0.844,0.25
"2021-08-19 11:15:00",233400,13.47,0.593,11.99,1,0.843,0.25
"2021-08-19 11:30:00",233401,13.47,0.595,12.21,1,0.844,0.25
"2021-08-19 11:45:00",233402,13.46,0.592,12.51,1,0.842,0.25
"2021-08-19 12:00:00",233403,13.44,0.594,12.8,1,0.844,0.25
"2021-08-19 12:15:00",233404,13.42,0.594,13.1,1,0.844,0.25
"2021-08-19 12:30:00",233405,13.4,0.595,13.46,1,0.845,0.25
"2021-08-19 12:45:00",233406,13.38,0.594,13.81,1,0.844,0.25
"2021-08-19 13:00:00",233407,13.37,0.593,14.14,1,0.843,0.25
"2021-08-19 13:15:00",233408,13.36,0.595,14.49,1,0.845,0.25
"2021-08-19 13:30:00",233409,13.36,0.593,14.81,1,0.843,0.25
"2021-08-19 13:45:00",233410,13.35,0.596,15.12,1,0.846,0.25
"2021-08-19 14:00:00",233411,13.35,0.596,15.4,1,0.846,0.25
"2021-08-19 14:15:00",233412,13.35,0.594,15.69,1,0.844,0.25
"2021-08-19 14:30:00",233413,13.33,0.594,15.92,1,0.844,0.25
"2021-08-19 14:45:00",233414,13.32,0.593,16.1,1,0.843,0.25
"2021-08-19 15:00:00",233415,13.31,0.595,16.25,1,0.845,0.25
"2021-08-19 15:15:00",233416,13.3,0.598,16.39,1,0.848,0.25
"2021-08-19 15:30:00",233417,13.3,0.598,16.5,1,0.848,0.25
"2021-08-19 15:45:00",233418,13.3,0.6,16.57,1,0.849,0.25
"2021-08-19 16:00:00",233419,13.3,0.596,16.6,1,0.846,0.25
"2021-08-19 16:15:00",233420,13.29,0.597,16.61,1,0.847,0.25
"2021-08-19 16:30:00",233421,13.3,0.595,16.58,1,0.845,0.25
"2021-08-19 16:45:00",233422,13.31,0.596,16.53,1,0.845,0.25
"2021-08-19 17:00:00",233423,13.31,0.594,16.48,1,0.843,0.25
"2021-08-19 17:15:00",233424,13.31,0.595,16.4,1,0.844,0.25
"2021-08-19 17:30:00",233425,13.32,0.594,16.29,1,0.843,0.25
"2021-08-19 17:45:00",233426,13.33,0.594,16.15,1,0.843,0.25
"2021-08-19 18:00:00",233427,13.33,0.594,15.98,1,0.844,0.25
"2021-08-19 18:15:00",233428,13.34,0.593,15.83,1,0.843,0.25
"2021-08-19 18:30:00",233429,13.29,0.593,15.66,1,0.842,0.25
"2021-08-19 18:45:00",233430,13.26,0.592,15.48,1,0.842,0.25
"2021-08-19 19:00:00",233431,13.24,0.592,15.31,1,0.842,0.25
"2021-08-19 19:15:00",233432,13.22,0.592,15.15,1,0.841,0.25
"2021-08-19 19:30:00",233433,13.2,0.59,14.98,1,0.84,0.25
"2021-08-19 19:45:00",233434,13.18,0.589,14.82,1,0.839,0.25
"2021-08-19 20:00:00",233435,13.16,0.59,14.67,1,0.839,0.25
"2021-08-19 20:15:00",233436,13.14,0.588,14.51,1,0.838,0.25
"2021-08-19 20:30:00",233437,13.13,0.587,14.35,1,0.837,0.25
"2021-08-19 20:45:00",233438,13.12,0.587,14.21,1,0.837,0.25
"2021-08-19 21:00:00",233439,13.1,0.587,14.07,1,0.837,0.25
"2021-08-19 21:15:00",233440,13.08,0.585,13.94,1,0.835,0.25
"2021-08-19 21:30:00",233441,13.07,0.585,13.81,1,0.834,0.25
"2021-08-19 21:45:00",233442,13.06,0.584,13.67,1,0.833,0.25
"2021-08-19 22:00:00",233443,13.04,0.584,13.55,1,0.833,0.25
"2021-08-19 22:15:00",233444,13.03,0.582,13.44,1,0.832,0.25
"2021-08-19 22:30:00",233445,13.02,0.582,13.32,1,0.831,0.25
"2021-08-19 22:45:00",233446,13.01,0.58,13.21,1,0.829,0.25
"2021-08-19 23:00:00",233447,12.99,0.578,13.11,1,0.827,0.25
"2021-08-19 23:15:00",233448,12.98,0.576,13.01,1,0.826,0.25
"2021-08-19 23:30:00",233449,12.96,0.576,12.92,1,0.825,0.25
"2021-08-19 23:45:00",233450,12.95,0.575,12.83,1,0.824,0.25
"2021-08-20 00:00:00",233451,12.94,0.573,12.75,1,0.823,0.25
"2021-08-20 00:15:00",233452,12.93,0.573,12.66,1,0.823,0.25
"2021-08-20 00:30:00",233453,12.92,0.573,12.57,1,0.823,0.25
"2021-08-20 00:45:00",233454,12.91,0.572,12.48,1,0.822,0.25
"2021-08-20 01:00:00",233455,12.9,0.571,12.41,1,0.821,0.25
"2021-08-20 01:15:00",233456,12.89,0.571,12.32,1,0.821,0.25
"2021-08-20 01:30:00",233457,12.88,0.571,12.25,1,0.82,0.25
"2021-08-20 01:45:00",233458,12.86,0.57,12.18,1,0.82,0.25
"2021-08-20 02:00:00",233459,12.85,0.571,12.1,1,0.82,0.25
"2021-08-20 02:15:00",233460,12.84,0.571,12.03,1,0.821,0.25
"2021-08-20 02:30:00",233461,12.83,0.572,11.96,1,0.821,0.25
"2021-08-20 02:45:00",233462,12.82,0.572,11.89,1,0.822,0.25
"2021-08-20 03:00:00",233463,12.8,0.573,11.82,1,0.823,0.25
"2021-08-20 03:15:00",233464,12.79,0.572,11.75,1,0.822,0.25
"2021-08-20 03:30:00",233465,12.78,0.572,11.69,1,0.822,0.25
"2021-08-20 03:45:00",233466,12.77,0.572,11.62,1,0.822,0.25
"2021-08-20 04:00:00",233467,12.76,0.573,11.55,1,0.823,0.25
"2021-08-20 04:15:00",233468,12.75,0.572,11.49,1,0.822,0.25
"2021-08-20 04:30:00",233469,12.74,0.573,11.42,1,0.823,0.25
"2021-08-20 04:45:00",233470,12.73,0.573,11.35,1,0.823,0.25
"2021-08-20 05:00:00",233471,12.72,0.573,11.27,1,0.823,0.25
"2021-08-20 05:15:00",233472,12.71,0.574,11.19,1,0.824,0.25
"2021-08-20 05:30:00",233473,12.7,0.574,11.13,1,0.824,0.25
"2021-08-20 05:45:00",233474,12.69,0.574,11.05,1,0.824,0.25
"2021-08-20 06:00:00",233475,12.68,0.575,10.98,1,0.825,0.25
"2021-08-20 06:15:00",233476,12.67,0.576,10.9,1,0.826,0.25
"2021-08-20 06:30:00",233477,12.66,0.577,10.83,1,0.826,0.25
"2021-08-20 06:45:00",233478,12.65,0.578,10.77,1,0.828,0.25
"2021-08-20 07:00:00",233479,12.65,0.578,10.7,1,0.828,0.25
"2021-08-20 07:15:00",233480,12.63,0.579,10.63,1,0.828,0.25
"2021-08-20 07:30:00",233481,12.62,0.579,10.57,1,0.829,0.25
"2021-08-20 07:45:00",233482,12.63,0.579,10.53,1,0.829,0.25
"2021-08-20 08:00:00",233483,12.68,0.579,10.49,1,0.829,0.25
"2021-08-20 08:15:00",233484,12.75,0.579,10.47,1,0.829,0.25
"2021-08-20 08:30:00",233485,12.85,0.581,10.46,1,0.83,0.25
"2021-08-20 08:45:00",233486,13,0.584,10.47,1,0.833,0.25
"2021-08-20 09:00:00",233487,13.26,0.584,10.49,1,0.834,0.25
"2021-08-20 09:15:00",233488,13.55,0.586,10.55,1,0.835,0.25
"2021-08-20 09:30:00",233489,13.52,0.586,10.65,1,0.836,0.25
"2021-08-20 09:45:00",233490,13.51,0.587,10.82,1,0.837,0.25
"2021-08-20 10:00:00",233491,13.49,0.588,11.02,1,0.838,0.25
"2021-08-20 10:15:00",233492,13.48,0.589,11.2,1,0.838,0.25
"2021-08-20 10:30:00",233493,13.47,0.588,11.37,1,0.838,0.25
"2021-08-20 10:45:00",233494,13.47,0.589,11.59,1,0.839,0.25
"2021-08-20 11:00:00",233495,13.46,0.59,11.86,1,0.839,0.25
"2021-08-20 11:15:00",233496,13.44,0.589,12.1,1,0.839,0.25
"2021-08-20 11:30:00",233497,13.44,0.59,12.34,1,0.84,0.25
"2021-08-20 11:45:00",233498,13.43,0.591,12.58,1,0.84,0.25
"2021-08-20 12:00:00",233499,13.41,0.59,12.85,1,0.839,0.25
"2021-08-20 12:15:00",233500,13.4,0.592,13.13,1,0.842,0.25
"2021-08-20 12:30:00",233501,13.38,0.591,13.4,1,0.841,0.25
"2021-08-20 12:45:00",233502,13.37,0.592,13.72,1,0.841,0.25
"2021-08-20 13:00:00",233503,13.35,0.592,14.03,1,0.842,0.25
"2021-08-20 13:15:00",233504,13.35,0.591,14.34,1,0.841,0.25
"2021-08-20 13:30:00",233505,13.35,0.59,14.66,1,0.839,0.25
"2021-08-20 13:45:00",233506,13.34,0.588,14.96,1,0.837,0.25
"2021-08-20 14:00:00",233507,13.34,0.588,15.22,1,0.838,0.25
"2021-08-20 14:15:00",233508,13.34,0.591,15.5,1,0.841,0.25
"2021-08-20 14:30:00",233509,13.32,0.59,15.76,1,0.839,0.25
"2021-08-20 14:45:00",233510,13.31,0.588,15.96,1,0.838,0.25
"2021-08-20 15:00:00",233511,13.3,0.59,16.13,1,0.839,0.25
"2021-08-20 15:15:00",233512,13.29,0.587,16.25,1,0.836,0.25
"2021-08-20 15:30:00",233513,13.29,0.588,16.37,1,0.838,0.25
"2021-08-20 15:45:00",233514,13.29,0.588,16.46,1,0.838,0.25
"2021-08-20 16:00:00",233515,13.28,0.588,16.54,1,0.837,0.25
"2021-08-20 16:15:00",233516,13.28,0.589,16.57,1,0.839,0.25
"2021-08-20 16:30:00",233517,13.29,0.588,16.56,1,0.837,0.25
"2021-08-20 16:45:00",233518,13.3,0.59,16.54,1,0.839,0.25
"2021-08-20 17:00:00",233519,13.3,0.587,16.49,1,0.836,0.25
"2021-08-20 17:15:00",233520,13.3,0.587,16.43,1,0.836,0.25
"2021-08-20 17:30:00",233521,13.31,0.584,16.34,1,0.833,0.25
"2021-08-20 17:45:00",233522,13.33,0.586,16.22,1,0.835,0.25
"2021-08-20 18:00:00",233523,13.33,0.586,16.08,1,0.835,0.25
"2021-08-20 18:15:00",233524,13.34,0.586,15.94,1,0.836,0.25
"2021-08-20 18:30:00",233525,13.29,0.584,15.77,1,0.834,0.25
"2021-08-20 18:45:00",233526,13.26,0.583,15.58,1,0.832,0.25
"2021-08-20 19:00:00",233527,13.24,0.584,15.41,1,0.834,0.25
"2021-08-20 19:15:00",233528,13.22,0.584,15.23,1,0.834,0.25
"2021-08-20 19:30:00",233529,13.2,0.583,15.05,1,0.833,0.25
"2021-08-20 19:45:00",233530,13.18,0.582,14.89,1,0.832,0.25
"2021-08-20 20:00:00",233531,13.16,0.582,14.73,1,0.832,0.25
"2021-08-20 20:15:00",233532,13.14,0.581,14.58,1,0.83,0.25
"2021-08-20 20:30:00",233533,13.13,0.581,14.44,1,0.83,0.25
"2021-08-20 20:45:00",233534,13.12,0.582,14.3,1,0.832,0.25
"2021-08-20 21:00:00",233535,13.1,0.582,14.18,1,0.831,0.25
"2021-08-20 21:15:00",233536,13.08,0.581,14.05,1,0.831,0.25
"2021-08-20 21:30:00",233537,13.07,0.581,13.92,1,0.83,0.25
"2021-08-20 21:45:00",233538,13.06,0.58,13.81,1,0.83,0.25
"2021-08-20 22:00:00",233539,13.04,0.58,13.69,1,0.829,0.25
"2021-08-20 22:15:00",233540,13.03,0.579,13.58,1,0.829,0.25
"2021-08-20 22:30:00",233541,13.02,0.579,13.46,1,0.828,0.25
"2021-08-20 22:45:00",233542,13,0.577,13.36,1,0.827,0.25
"2021-08-20 23:00:00",233543,12.99,0.577,13.24,1,0.827,0.25
"2021-08-20 23:15:00",233544,12.98,0.576,13.14,1,0.826,0.25
"2021-08-20 23:30:00",233545,12.97,0.576,13.05,1,0.825,0.25
"2021-08-20 23:45:00",233546,12.95,0.575,12.96,1,0.824,0.25
"2021-08-21 00:00:00",233547,12.95,0.573,12.87,1,0.823,0.25
"2021-08-21 00:15:00",233548,12.93,0.573,12.78,1,0.823,0.25
"2021-08-21 00:30:00",233549,12.92,0.573,12.69,1,0.822,0.25
"2021-08-21 00:45:00",233550,12.91,0.572,12.61,1,0.821,0.25
"2021-08-21 01:00:00",233551,12.9,0.572,12.52,1,0.821,0.25
"2021-08-21 01:15:00",233552,12.88,0.572,12.44,1,0.821,0.25
"2021-08-21 01:30:00",233553,12.87,0.571,12.36,1,0.82,0.25
"2021-08-21 01:45:00",233554,12.86,0.571,12.28,1,0.82,0.25
"2021-08-21 02:00:00",233555,12.85,0.57,12.2,1,0.82,0.25
"2021-08-21 02:15:00",233556,12.84,0.571,12.12,1,0.82,0.25
"2021-08-21 02:30:00",233557,12.83,0.571,12.04,1,0.82,0.25
"2021-08-21 02:45:00",233558,12.82,0.57,11.95,1,0.82,0.25
"2021-08-21 03:00:00",233559,12.81,0.57,11.87,1,0.82,0.25
"2021-08-21 03:15:00",233560,12.8,0.571,11.8,1,0.82,0.25
"2021-08-21 03:30:00",233561,12.78,0.571,11.72,1,0.82,0.25
"2021-08-21 03:45:00",233562,12.78,0.571,11.64,1,0.821,0.25
"2021-08-21 04:00:00",233563,12.77,0.57,11.56,1,0.82,0.25
"2021-08-21 04:15:00",233564,12.75,0.571,11.49,1,0.821,0.25
"2021-08-21 04:30:00",233565,12.74,0.571,11.4,1,0.821,0.25
"2021-08-21 04:45:00",233566,12.73,0.572,11.32,1,0.822,0.25
"2021-08-21 05:00:00",233567,12.72,0.572,11.25,1,0.821,0.25
"2021-08-21 05:15:00",233568,12.71,0.572,11.16,1,0.822,0.25
"2021-08-21 05:30:00",233569,12.7,0.571,11.08,1,0.821,0.25
"2021-08-21 05:45:00",233570,12.69,0.57,11,1,0.82,0.25
"2021-08-21 06:00:00",233571,12.68,0.57,10.92,1,0.82,0.25
"2021-08-21 06:15:00",233572,12.67,0.571,10.83,1,0.821,0.25
"2021-08-21 06:30:00",233573,12.66,0.572,10.75,1,0.821,0.25
"2021-08-21 06:45:00",233574,12.65,0.573,10.67,1,0.822,0.25
"2021-08-21 07:00:00",233575,12.64,0.573,10.59,1,0.823,0.25
"2021-08-21 07:15:00",233576,12.63,0.574,10.52,1,0.824,0.25
"2021-08-21 07:30:00",233577,12.62,0.575,10.46,1,0.825,0.25
"2021-08-21 07:45:00",233578,12.63,0.576,10.39,1,0.826,0.25
"2021-08-21 08:00:00",233579,12.68,0.576,10.35,1,0.826,0.25
"2021-08-21 08:15:00",233580,12.74,0.578,10.31,1,0.827,0.25
"2021-08-21 08:30:00",233581,12.84,0.579,10.29,1,0.828,0.25
"2021-08-21 08:45:00",233582,12.98,0.579,10.29,1,0.829,0.25
"2021-08-21 09:00:00",233583,13.17,0.58,10.3,1,0.829,0.25
"2021-08-21 09:15:00",233584,13.5,0.579,10.33,1,0.829,0.25
"2021-08-21 09:30:00",233585,13.52,0.581,10.42,1,0.83,0.25
"2021-08-21 09:45:00",233586,13.5,0.585,10.64,1,0.834,0.25
"2021-08-21 10:00:00",233587,13.49,0.586,10.89,1,0.835,0.25
"2021-08-21 10:15:00",233588,13.48,0.587,11.1,1,0.837,0.25
"2021-08-21 10:30:00",233589,13.48,0.589,11.27,1,0.839,0.25
"2021-08-21 10:45:00",233590,13.47,0.586,11.46,1,0.836,0.25
"2021-08-21 11:00:00",233591,13.47,0.586,11.7,1,0.835,0.25
"2021-08-21 11:15:00",233592,13.46,0.587,11.95,1,0.837,0.25
"2021-08-21 11:30:00",233593,13.46,0.59,12.17,1,0.839,0.25
"2021-08-21 11:45:00",233594,13.44,0.585,12.39,1,0.834,0.25
"2021-08-21 12:00:00",233595,13.43,0.588,12.68,1,0.838,0.25
"2021-08-21 12:15:00",233596,13.42,0.589,12.99,1,0.838,0.25
"2021-08-21 12:30:00",233597,13.41,0.589,13.33,1,0.838,0.25
"2021-08-21 12:45:00",233598,13.39,0.589,13.68,1,0.839,0.25
"2021-08-21 13:00:00",233599,13.38,0.588,14.03,1,0.838,0.25
"2021-08-21 13:15:00",233600,13.37,0.588,14.36,1,0.837,0.25
"2021-08-21 13:30:00",233601,13.37,0.591,14.7,1,0.84,0.25
"2021-08-21 13:45:00",233602,13.36,0.589,15.02,1,0.839,0.25
"2021-08-21 14:00:00",233603,13.36,0.589,15.32,1,0.839,0.25
"2021-08-21 14:15:00",233604,13.36,0.589,15.59,1,0.838,0.25
"2021-08-21 14:30:00",233605,13.34,0.59,15.83,1,0.84,0.25
"2021-08-21 14:45:00",233606,13.33,0.591,16.02,1,0.841,0.25
"2021-08-21 15:00:00",233607,13.32,0.59,16.19,1,0.839,0.25
"2021-08-21 15:15:00",233608,13.31,0.588,16.31,1,0.837,0.25
"2021-08-21 15:30:00",233609,13.31,0.59,16.4,1,0.839,0.25
"2021-08-21 15:45:00",233610,13.31,0.588,16.5,1,0.838,0.25
"2021-08-21 16:00:00",233611,13.31,0.587,16.54,1,0.837,0.25
"2021-08-21 16:15:00",233612,13.3,0.587,16.57,1,0.836,0.25
"2021-08-21 16:30:00",233613,13.31,0.587,16.55,1,0.837,0.25
"2021-08-21 16:45:00",233614,13.33,0.589,16.52,1,0.838,0.25
"2021-08-21 17:00:00",233615,13.33,0.585,16.49,1,0.835,0.25
"2021-08-21 17:15:00",233616,13.33,0.585,16.42,1,0.835,0.25
"2021-08-21 17:30:00",233617,13.34,0.583,16.34,1,0.833,0.25
"2021-08-21 17:45:00",233618,13.34,0.583,16.22,1,0.833,0.25
"2021-08-21 18:00:00",233619,13.32,0.583,16.08,1,0.833,0.25
"2021-08-21 18:15:00",233620,13.35,0.582,15.91,1,0.832,0.25
"2021-08-21 18:30:00",233621,13.29,0.583,15.74,1,0.833,0.25
"2021-08-21 18:45:00",233622,13.27,0.582,15.54,1,0.832,0.25
"2021-08-21 19:00:00",233623,13.25,0.581,15.37,1,0.831,0.25
"2021-08-21 19:15:00",233624,13.22,0.581,15.18,1,0.83,0.25
"2021-08-21 19:30:00",233625,13.2,0.58,15,1,0.83,0.25
"2021-08-21 19:45:00",233626,13.19,0.58,14.82,1,0.829,0.25
"2021-08-21 20:00:00",233627,13.17,0.579,14.65,1,0.829,0.25
"2021-08-21 20:15:00",233628,13.16,0.578,14.49,1,0.827,0.25
"2021-08-21 20:30:00",233629,13.14,0.578,14.32,1,0.828,0.25
"2021-08-21 20:45:00",233630,13.12,0.577,14.18,1,0.827,0.25
"2021-08-21 21:00:00",233631,13.11,0.578,14.02,1,0.828,0.25
"2021-08-21 21:15:00",233632,13.1,0.579,13.88,1,0.829,0.25
"2021-08-21 21:30:00",233633,13.08,0.578,13.75,1,0.828,0.25
"2021-08-21 21:45:00",233634,13.07,0.578,13.61,1,0.827,0.25
"2021-08-21 22:00:00",233635,13.05,0.577,13.48,1,0.826,0.25
"2021-08-21 22:15:00",233636,13.04,0.576,13.35,1,0.825,0.25
"2021-08-21 22:30:00",233637,13.03,0.575,13.23,1,0.824,0.25
"2021-08-21 22:45:00",233638,13.02,0.575,13.11,1,0.824,0.25
"2021-08-21 23:00:00",233639,13,0.573,13,1,0.823,0.25
"2021-08-21 23:15:00",233640,12.99,0.573,12.88,1,0.823,0.25
"2021-08-21 23:30:00",233641,12.98,0.572,12.76,1,0.822,0.25
"2021-08-21 23:45:00",233642,12.97,0.571,12.67,1,0.821,0.25
"2021-08-22 00:00:00",233643,12.95,0.571,12.55,1,0.82,0.25
"2021-08-22 00:15:00",233644,12.94,0.57,12.45,1,0.82,0.25
"2021-08-22 00:30:00",233645,12.93,0.569,12.35,1,0.819,0.25
"2021-08-22 00:45:00",233646,12.91,0.569,12.25,1,0.819,0.25
"2021-08-22 01:00:00",233647,12.9,0.568,12.15,1,0.817,0.25
"2021-08-22 01:15:00",233648,12.9,0.568,12.05,1,0.818,0.25
"2021-08-22 01:30:00",233649,12.89,0.567,11.94,1,0.816,0.25
"2021-08-22 01:45:00",233650,12.87,0.566,11.85,1,0.815,0.25
"2021-08-22 02:00:00",233651,12.86,0.567,11.74,1,0.816,0.25
"2021-08-22 02:15:00",233652,12.85,0.566,11.64,1,0.816,0.25
"2021-08-22 02:30:00",233653,12.84,0.566,11.54,1,0.815,0.25
"2021-08-22 02:45:00",233654,12.83,0.565,11.43,1,0.815,0.25
"2021-08-22 03:00:00",233655,12.81,0.565,11.33,1,0.815,0.25
"2021-08-22 03:15:00",233656,12.8,0.565,11.23,1,0.815,0.25
"2021-08-22 03:30:00",233657,12.79,0.565,11.13,1,0.815,0.25
"2021-08-22 03:45:00",233658,12.78,0.565,11.04,1,0.815,0.25
"2021-08-22 04:00:00",233659,12.77,0.565,10.93,1,0.815,0.25
"2021-08-22 04:15:00",233660,12.76,0.565,10.84,1,0.815,0.25
"2021-08-22 04:30:00",233661,12.76,0.566,10.74,1,0.815,0.25
"2021-08-22 04:45:00",233662,12.74,0.567,10.64,1,0.816,0.25
"2021-08-22 05:00:00",233663,12.73,0.566,10.54,1,0.815,0.25
"2021-08-22 05:15:00",233664,12.72,0.566,10.45,1,0.815,0.25
"2021-08-22 05:30:00",233665,12.71,0.567,10.35,1,0.816,0.25
"2021-08-22 05:45:00",233666,12.7,0.568,10.25,1,0.817,0.25
"2021-08-22 06:00:00",233667,12.69,0.567,10.16,1,0.817,0.25
"2021-08-22 06:15:00",233668,12.68,0.568,10.07,1,0.817,0.25
"2021-08-22 06:30:00",233669,12.67,0.569,9.97,1,0.818,0.25
"2021-08-22 06:45:00",233670,12.66,0.569,9.88,1,0.819,0.25
"2021-08-22 07:00:00",233671,12.65,0.57,9.79,1,0.82,0.25
"2021-08-22 07:15:00",233672,12.64,0.572,9.7,1,0.821,0.25
"2021-08-22 07:30:00",233673,12.63,0.572,9.62,1,0.822,0.25
"2021-08-22 07:45:00",233674,12.63,0.572,9.55,1,0.821,0.25
"2021-08-22 08:00:00",233675,12.67,0.572,9.49,1,0.821,0.25
"2021-08-22 08:15:00",233676,12.74,0.571,9.45,1,0.82,0.25
"2021-08-22 08:30:00",233677,12.83,0.572,9.43,1,0.821,0.25
"2021-08-22 08:45:00",233678,12.97,0.573,9.42,1,0.823,0.25
"2021-08-22 09:00:00",233679,13.17,0.575,9.43,1,0.825,0.25
"2021-08-22 09:15:00",233680,13.61,0.576,9.46,1,0.826,0.25
"2021-08-22 09:30:00",233681,13.56,0.576,9.57,1,0.826,0.25
"2021-08-22 09:45:00",233682,13.53,0.578,9.88,1,0.828,0.25
"2021-08-22 10:00:00",233683,13.5,0.577,10.15,1,0.826,0.25
"2021-08-22 10:15:00",233684,13.48,0.576,10.36,1,0.826,0.25
"2021-08-22 10:30:00",233685,13.47,0.576,10.53,1,0.825,0.25
"2021-08-22 10:45:00",233686,13.46,0.576,10.74,1,0.825,0.25
"2021-08-22 11:00:00",233687,13.45,0.576,10.96,1,0.826,0.25
"2021-08-22 11:15:00",233688,13.44,0.577,11.19,1,0.827,0.25
"2021-08-22 11:30:00",233689,13.43,0.577,11.42,1,0.827,0.25
"2021-08-22 11:45:00",233690,13.42,0.576,11.7,1,0.826,0.25
"2021-08-22 12:00:00",233691,13.4,0.576,12.05,1,0.825,0.25
"2021-08-22 12:15:00",233692,13.38,0.578,12.4,1,0.827,0.25
"2021-08-22 12:30:00",233693,13.36,0.579,12.78,1,0.829,0.25
"2021-08-22 12:45:00",233694,13.35,0.577,13.09,1,0.827,0.25
"2021-08-22 13:00:00",233695,13.33,0.576,13.5,1,0.826,0.25
"2021-08-22 13:15:00",233696,13.32,0.577,13.87,1,0.827,0.25
"2021-08-22 13:30:00",233697,13.31,0.578,14.22,1,0.827,0.25
"2021-08-22 13:45:00",233698,13.31,0.578,14.56,1,0.827,0.25
"2021-08-22 14:00:00",233699,13.31,0.577,14.95,1,0.827,0.25
"2021-08-22 14:15:00",233700,13.3,0.577,15.25,1,0.827,0.25
"2021-08-22 14:30:00",233701,13.28,0.578,15.5,1,0.828,0.25
"2021-08-22 14:45:00",233702,13.27,0.58,15.74,1,0.829,0.25
"2021-08-22 15:00:00",233703,13.25,0.58,15.96,1,0.83,0.25
"2021-08-22 15:15:00",233704,13.24,0.581,16.16,1,0.83,0.25
"2021-08-22 15:30:00",233705,13.23,0.58,16.3,1,0.83,0.25
"2021-08-22 15:45:00",233706,13.24,0.58,16.42,1,0.83,0.25
"2021-08-22 16:00:00",233707,13.24,0.581,16.51,1,0.83,0.25
"2021-08-22 16:15:00",233708,13.24,0.581,16.56,1,0.831,0.25
"2021-08-22 16:30:00",233709,13.24,0.583,16.59,1,0.833,0.25
"2021-08-22 16:45:00",233710,13.26,0.582,16.57,1,0.832,0.25
"2021-08-22 17:00:00",233711,13.27,0.579,16.53,1,0.828,0.25
"2021-08-22 17:15:00",233712,13.27,0.58,16.48,1,0.83,0.25
"2021-08-22 17:30:00",233713,13.28,0.578,16.39,1,0.828,0.25
"2021-08-22 17:45:00",233714,13.27,0.579,16.29,1,0.828,0.25
"2021-08-22 18:00:00",233715,13.23,0.577,16.15,1,0.827,0.25
"2021-08-22 18:15:00",233716,13.22,0.579,16.02,1,0.829,0.25
"2021-08-22 18:30:00",233717,13.19,0.578,15.86,1,0.828,0.25
"2021-08-22 18:45:00",233718,13.17,0.577,15.67,1,0.827,0.25
"2021-08-22 19:00:00",233719,13.16,0.576,15.49,1,0.826,0.25
"2021-08-22 19:15:00",233720,13.14,0.576,15.31,1,0.826,0.25
"2021-08-22 19:30:00",233721,13.12,0.576,15.14,1,0.826,0.25
"2021-08-22 19:45:00",233722,13.1,0.575,14.98,1,0.825,0.25
"2021-08-22 20:00:00",233723,13.09,0.575,14.8,1,0.825,0.25
"2021-08-22 20:15:00",233724,13.07,0.574,14.64,1,0.823,0.25
"2021-08-22 20:30:00",233725,13.06,0.573,14.49,1,0.823,0.25
"2021-08-22 20:45:00",233726,13.04,0.573,14.33,1,0.823,0.25
"2021-08-22 21:00:00",233727,13.03,0.571,14.19,1,0.821,0.25
"2021-08-22 21:15:00",233728,13.02,0.571,14.06,1,0.821,0.25
"2021-08-22 21:30:00",233729,13,0.57,13.93,1,0.82,0.25
"2021-08-22 21:45:00",233730,12.99,0.569,13.81,1,0.819,0.25
"2021-08-22 22:00:00",233731,12.98,0.569,13.68,1,0.818,0.25
"2021-08-22 22:15:00",233732,12.96,0.569,13.56,1,0.818,0.25
"2021-08-22 22:30:00",233733,12.95,0.567,13.45,1,0.817,0.25
"2021-08-22 22:45:00",233734,12.94,0.567,13.33,1,0.817,0.25
"2021-08-22 23:00:00",233735,12.93,0.566,13.22,1,0.816,0.25
"2021-08-22 23:15:00",233736,12.92,0.565,13.11,1,0.815,0.25
"2021-08-22 23:30:00",233737,12.9,0.563,13,1,0.812,0.25
"2021-08-22 23:45:00",233738,12.89,0.561,12.91,1,0.811,0.25
"2021-08-23 00:00:00",233739,12.88,0.561,12.82,1,0.81,0.25
"2021-08-23 00:15:00",233740,12.87,0.559,12.72,1,0.809,0.25
"2021-08-23 00:30:00",233741,12.86,0.558,12.63,1,0.808,0.25
"2021-08-23 00:45:00",233742,12.85,0.558,12.54,1,0.808,0.25
"2021-08-23 01:00:00",233743,12.83,0.557,12.45,1,0.807,0.25
"2021-08-23 01:15:00",233744,12.82,0.557,12.36,1,0.807,0.25
"2021-08-23 01:30:00",233745,12.81,0.556,12.27,1,0.805,0.25
"2021-08-23 01:45:00",233746,12.8,0.555,12.18,1,0.805,0.25
"2021-08-23 02:00:00",233747,12.79,0.555,12.09,1,0.804,0.25
"2021-08-23 02:15:00",233748,12.78,0.555,12,1,0.804,0.25
"2021-08-23 02:30:00",233749,12.77,0.555,11.91,1,0.804,0.25
"2021-08-23 02:45:00",233750,12.76,0.556,11.82,1,0.805,0.25
"2021-08-23 03:00:00",233751,12.75,0.557,11.73,1,0.807,0.25
"2021-08-23 03:15:00",233752,12.74,0.558,11.64,1,0.807,0.25
"2021-08-23 03:30:00",233753,12.73,0.558,11.54,1,0.808,0.25
"2021-08-23 03:45:00",233754,12.72,0.557,11.45,1,0.807,0.25
"2021-08-23 04:00:00",233755,12.71,0.557,11.36,1,0.807,0.25
"2021-08-23 04:15:00",233756,12.69,0.557,11.26,1,0.807,0.25
"2021-08-23 04:30:00",233757,12.69,0.558,11.16,1,0.807,0.25
"2021-08-23 04:45:00",233758,12.68,0.558,11.07,1,0.808,0.25
"2021-08-23 05:00:00",233759,12.67,0.559,10.98,1,0.809,0.25
"2021-08-23 05:15:00",233760,12.65,0.558,10.88,1,0.808,0.25
"2021-08-23 05:30:00",233761,12.65,0.558,10.78,1,0.808,0.25
"2021-08-23 05:45:00",233762,12.63,0.559,10.69,1,0.809,0.25
"2021-08-23 06:00:00",233763,12.62,0.56,10.6,1,0.809,0.25
"2021-08-23 06:15:00",233764,12.62,0.561,10.51,1,0.81,0.25
"2021-08-23 06:30:00",233765,12.61,0.561,10.42,1,0.811,0.25
"2021-08-23 06:45:00",233766,12.6,0.562,10.32,1,0.812,0.25
"2021-08-23 07:00:00",233767,12.59,0.563,10.24,1,0.812,0.25
"2021-08-23 07:15:00",233768,12.58,0.563,10.16,1,0.813,0.25
"2021-08-23 07:30:00",233769,12.58,0.564,10.08,1,0.814,0.25
"2021-08-23 07:45:00",233770,12.58,0.566,10.01,1,0.815,0.25
"2021-08-23 08:00:00",233771,12.62,0.566,9.95,1,0.816,0.25
"2021-08-23 08:15:00",233772,12.69,0.567,9.91,1,0.817,0.25
"2021-08-23 08:30:00",233773,12.79,0.567,9.89,1,0.817,0.25
"2021-08-23 08:45:00",233774,12.95,0.568,9.87,1,0.817,0.25
"2021-08-23 09:00:00",233775,13.15,0.568,9.88,1,0.818,0.25
"2021-08-23 09:15:00",233776,13.6,0.57,9.92,1,0.819,0.25
"2021-08-23 09:30:00",233777,13.54,0.57,9.99,1,0.82,0.25
"2021-08-23 09:45:00",233778,13.51,0.572,10.27,1,0.821,0.25
"2021-08-23 10:00:00",233779,13.5,0.571,10.52,1,0.821,0.25
"2021-08-23 10:15:00",233780,13.48,0.572,10.72,1,0.821,0.25
"2021-08-23 10:30:00",233781,13.47,0.573,10.9,1,0.823,0.25
"2021-08-23 10:45:00",233782,13.46,0.573,11.09,1,0.823,0.25
"2021-08-23 11:00:00",233783,13.45,0.574,11.32,1,0.824,0.25
"2021-08-23 11:15:00",233784,13.44,0.574,11.51,1,0.823,0.25
"2021-08-23 11:30:00",233785,13.43,0.574,11.76,1,0.824,0.25
"2021-08-23 11:45:00",233786,13.42,0.575,12.11,1,0.824,0.25
"2021-08-23 12:00:00",233787,13.4,0.571,12.38,1,0.82,0.25
"2021-08-23 12:15:00",233788,13.39,0.57,12.71,1,0.819,0.25
"2021-08-23 12:30:00",233789,13.37,0.57,13.07,1,0.82,0.25
"2021-08-23 12:45:00",233790,13.35,0.569,13.44,1,0.819,0.25
"2021-08-23 13:00:00",233791,13.34,0.571,13.8,1,0.821,0.25
"2021-08-23 13:15:00",233792,13.33,0.571,14.18,1,0.821,0.25
"2021-08-23 13:30:00",233793,13.32,0.571,14.5,1,0.821,0.25
"2021-08-23 13:45:00",233794,13.31,0.572,14.85,1,0.822,0.25
"2021-08-23 14:00:00",233795,13.31,0.571,15.15,1,0.821,0.25
"2021-08-23 14:15:00",233796,13.31,0.57,15.42,1,0.82,0.25
"2021-08-23 14:30:00",233797,13.3,0.57,15.71,1,0.82,0.25
"2021-08-23 14:45:00",233798,13.29,0.571,15.91,1,0.821,0.25
"2021-08-23 15:00:00",233799,13.27,0.573,16.09,1,0.822,0.25
"2021-08-23 15:15:00",233800,13.26,0.572,16.24,1,0.822,0.25
"2021-08-23 15:30:00",233801,13.26,0.57,16.35,1,0.82,0.25
"2021-08-23 15:45:00",233802,13.26,0.57,16.52,1,0.82,0.25
"2021-08-23 16:00:00",233803,13.26,0.572,16.61,1,0.821,0.25
"2021-08-23 16:15:00",233804,13.26,0.575,16.69,1,0.825,0.25
"2021-08-23 16:30:00",233805,13.26,0.575,16.7,1,0.824,0.25
"2021-08-23 16:45:00",233806,13.27,0.575,16.7,1,0.824,0.25
"2021-08-23 17:00:00",233807,13.28,0.572,16.66,1,0.822,0.25
"2021-08-23 17:15:00",233808,13.28,0.573,16.61,1,0.823,0.25
"2021-08-23 17:30:00",233809,13.29,0.574,16.54,1,0.823,0.25
"2021-08-23 17:45:00",233810,13.3,0.573,16.46,1,0.823,0.25
"2021-08-23 18:00:00",233811,13.28,0.575,16.31,1,0.825,0.25
"2021-08-23 18:15:00",233812,13.24,0.573,16.17,1,0.823,0.25
"2021-08-23 18:30:00",233813,13.22,0.572,16.01,1,0.822,0.25
"2021-08-23 18:45:00",233814,13.2,0.571,15.82,1,0.82,0.25
"2021-08-23 19:00:00",233815,13.18,0.571,15.61,1,0.821,0.25
"2021-08-23 19:15:00",233816,13.16,0.571,15.45,1,0.82,0.25
"2021-08-23 19:30:00",233817,13.14,0.571,15.26,1,0.82,0.25
"2021-08-23 19:45:00",233818,13.12,0.569,15.07,1,0.819,0.25
"2021-08-23 20:00:00",233819,13.1,0.569,14.9,1,0.819,0.25
"2021-08-23 20:15:00",233820,13.09,0.569,14.72,1,0.818,0.25
"2021-08-23 20:30:00",233821,13.08,0.566,14.55,1,0.816,0.25
"2021-08-23 20:45:00",233822,13.06,0.567,14.42,1,0.816,0.25
"2021-08-23 21:00:00",233823,13.05,0.566,14.25,1,0.816,0.25
"2021-08-23 21:15:00",233824,13.03,0.566,14.11,1,0.815,0.25
"2021-08-23 21:30:00",233825,13.02,0.565,13.96,1,0.815,0.25
"2021-08-23 21:45:00",233826,13.01,0.564,13.82,1,0.814,0.25
"2021-08-23 22:00:00",233827,12.99,0.563,13.7,1,0.813,0.25
"2021-08-23 22:15:00",233828,12.98,0.563,13.57,1,0.812,0.25
"2021-08-23 22:30:00",233829,12.96,0.561,13.43,1,0.811,0.25
"2021-08-23 22:45:00",233830,12.95,0.561,13.31,1,0.811,0.25
"2021-08-23 23:00:00",233831,12.94,0.56,13.18,1,0.81,0.25
"2021-08-23 23:15:00",233832,12.93,0.559,13.05,1,0.809,0.25
"2021-08-23 23:30:00",233833,12.92,0.559,12.93,1,0.808,0.25
"2021-08-23 23:45:00",233834,12.91,0.558,12.81,1,0.807,0.25
"2021-08-24 00:00:00",233835,12.9,0.557,12.7,1,0.807,0.25
"2021-08-24 00:15:00",233836,12.88,0.557,12.58,1,0.806,0.25
"2021-08-24 00:30:00",233837,12.87,0.557,12.47,1,0.807,0.25
"2021-08-24 00:45:00",233838,12.86,0.555,12.37,1,0.805,0.25
"2021-08-24 01:00:00",233839,12.85,0.555,12.26,1,0.804,0.25
"2021-08-24 01:15:00",233840,12.84,0.554,12.15,1,0.804,0.25
"2021-08-24 01:30:00",233841,12.83,0.553,12.04,1,0.803,0.25
"2021-08-24 01:45:00",233842,12.82,0.553,11.94,1,0.803,0.25
"2021-08-24 02:00:00",233843,12.81,0.553,11.83,1,0.802,0.25
"2021-08-24 02:15:00",233844,12.8,0.553,11.73,1,0.802,0.25
"2021-08-24 02:30:00",233845,12.78,0.552,11.62,1,0.801,0.25
"2021-08-24 02:45:00",233846,12.78,0.552,11.52,1,0.802,0.25
"2021-08-24 03:00:00",233847,12.76,0.552,11.42,1,0.802,0.25
"2021-08-24 03:15:00",233848,12.75,0.552,11.31,1,0.801,0.25
"2021-08-24 03:30:00",233849,12.74,0.551,11.2,1,0.8,0.25
"2021-08-24 03:45:00",233850,12.73,0.552,11.1,1,0.801,0.25
"2021-08-24 04:00:00",233851,12.72,0.552,11,1,0.801,0.25
"2021-08-24 04:15:00",233852,12.71,0.551,10.9,1,0.801,0.25
"2021-08-24 04:30:00",233853,12.69,0.55,10.8,1,0.8,0.25
"2021-08-24 04:45:00",233854,12.69,0.552,10.71,1,0.801,0.25
"2021-08-24 05:00:00",233855,12.67,0.552,10.6,1,0.801,0.25
"2021-08-24 05:15:00",233856,12.67,0.552,10.5,1,0.801,0.25
"2021-08-24 05:30:00",233857,12.65,0.552,10.4,1,0.801,0.25
"2021-08-24 05:45:00",233858,12.65,0.552,10.3,1,0.802,0.25
"2021-08-24 06:00:00",233859,12.64,0.552,10.21,1,0.802,0.25
"2021-08-24 06:15:00",233860,12.63,0.552,10.12,1,0.802,0.25
"2021-08-24 06:30:00",233861,12.62,0.553,10.03,1,0.803,0.25
"2021-08-24 06:45:00",233862,12.61,0.554,9.94,1,0.804,0.25
"2021-08-24 07:00:00",233863,12.6,0.555,9.85,1,0.805,0.25
"2021-08-24 07:15:00",233864,12.59,0.556,9.76,1,0.805,0.25
"2021-08-24 07:30:00",233865,12.58,0.556,9.68,1,0.806,0.25
"2021-08-24 07:45:00",233866,12.58,0.557,9.62,1,0.807,0.25
"2021-08-24 08:00:00",233867,12.62,0.557,9.55,1,0.807,0.25
"2021-08-24 08:15:00",233868,12.69,0.556,9.5,1,0.805,0.25
"2021-08-24 08:30:00",233869,12.78,0.556,9.47,1,0.806,0.25
"2021-08-24 08:45:00",233870,12.93,0.556,9.47,1,0.805,0.25
"2021-08-24 09:00:00",233871,13.11,0.557,9.47,1,0.807,0.25
"2021-08-24 09:15:00",233872,13.56,0.558,9.48,1,0.808,0.25
"2021-08-24 09:30:00",233873,13.54,0.558,9.55,1,0.808,0.25
"2021-08-24 09:45:00",233874,13.51,0.559,9.89,1,0.809,0.25
"2021-08-24 10:00:00",233875,13.5,0.559,10.15,1,0.809,0.25
"2021-08-24 10:15:00",233876,13.49,0.56,10.35,1,0.81,0.25
"2021-08-24 10:30:00",233877,13.48,0.56,10.52,1,0.81,0.25
"2021-08-24 10:45:00",233878,13.47,0.56,10.69,1,0.81,0.25
"2021-08-24 11:00:00",233879,13.47,0.56,10.92,1,0.809,0.25
"2021-08-24 11:15:00",233880,13.46,0.562,11.09,1,0.812,0.25
"2021-08-24 11:30:00",233881,13.44,0.562,11.35,1,0.811,0.25
"2021-08-24 11:45:00",233882,13.43,0.562,11.58,1,0.812,0.25
"2021-08-24 12:00:00",233883,13.42,0.564,11.86,1,0.814,0.25
"2021-08-24 12:15:00",233884,13.4,0.564,12.23,1,0.814,0.25
"2021-08-24 12:30:00",233885,13.38,0.564,12.65,1,0.814,0.25
"2021-08-24 12:45:00",233886,13.37,0.563,13.1,1,0.813,0.25
"2021-08-24 13:00:00",233887,13.34,0.564,13.39,1,0.814,0.25
"2021-08-24 13:15:00",233888,13.33,0.565,13.73,1,0.815,0.25
"2021-08-24 13:30:00",233889,13.33,0.562,14.08,1,0.812,0.25
"2021-08-24 13:45:00",233890,13.33,0.566,14.47,1,0.816,0.25
"2021-08-24 14:00:00",233891,13.32,0.568,14.83,1,0.818,0.25
"2021-08-24 14:15:00",233892,13.31,0.567,15.14,1,0.816,0.25
"2021-08-24 14:30:00",233893,13.3,0.568,15.43,1,0.818,0.25
"2021-08-24 14:45:00",233894,13.29,0.571,15.62,1,0.821,0.25
"2021-08-24 15:00:00",233895,13.27,0.567,15.82,1,0.817,0.25
"2021-08-24 15:15:00",233896,13.26,0.57,16,1,0.819,0.25
"2021-08-24 15:30:00",233897,13.24,0.568,16.17,1,0.817,0.25
"2021-08-24 15:45:00",233898,13.24,0.567,16.28,1,0.817,0.25
"2021-08-24 16:00:00",233899,13.25,0.566,16.36,1,0.816,0.25
"2021-08-24 16:15:00",233900,13.24,0.565,16.43,1,0.815,0.25
"2021-08-24 16:30:00",233901,13.24,0.563,16.45,1,0.812,0.25
"2021-08-24 16:45:00",233902,13.25,0.56,16.43,1,0.81,0.25
"2021-08-24 17:00:00",233903,13.26,0.561,16.39,1,0.81,0.25
"2021-08-24 17:15:00",233904,13.27,0.56,16.34,1,0.81,0.25
"2021-08-24 17:30:00",233905,13.27,0.559,16.25,1,0.809,0.25
"2021-08-24 17:45:00",233906,13.25,0.56,16.16,1,0.809,0.25
"2021-08-24 18:00:00",233907,13.22,0.561,16.02,1,0.811,0.25
"2021-08-24 18:15:00",233908,13.2,0.56,15.86,1,0.809,0.25
"2021-08-24 18:30:00",233909,13.18,0.561,15.69,1,0.811,0.25
"2021-08-24 18:45:00",233910,13.16,0.562,15.51,1,0.812,0.25
"2021-08-24 19:00:00",233911,13.14,0.561,15.3,1,0.811,0.25
"2021-08-24 19:15:00",233912,13.12,0.562,15.07,1,0.811,0.25
"2021-08-24 19:30:00",233913,13.1,0.562,14.85,1,0.811,0.25
"2021-08-24 19:45:00",233914,13.09,0.561,14.62,1,0.81,0.25
"2021-08-24 20:00:00",233915,13.07,0.559,14.4,1,0.809,0.25
"2021-08-24 20:15:00",233916,13.05,0.559,14.18,1,0.809,0.25
"2021-08-24 20:30:00",233917,13.04,0.559,13.99,1,0.808,0.25
"2021-08-24 20:45:00",233918,13.03,0.558,13.81,1,0.808,0.25
"2021-08-24 21:00:00",233919,13.01,0.558,13.62,1,0.807,0.25
"2021-08-24 21:15:00",233920,13,0.557,13.44,1,0.807,0.25
"2021-08-24 21:30:00",233921,12.99,0.555,13.28,1,0.805,0.25
"2021-08-24 21:45:00",233922,12.98,0.555,13.13,1,0.805,0.25
"2021-08-24 22:00:00",233923,12.96,0.554,12.94,1,0.804,0.25
"2021-08-24 22:15:00",233924,12.95,0.554,12.78,1,0.804,0.25
"2021-08-24 22:30:00",233925,12.93,0.553,12.63,1,0.802,0.25
"2021-08-24 22:45:00",233926,12.92,0.552,12.48,1,0.801,0.25
"2021-08-24 23:00:00",233927,12.91,0.55,12.33,1,0.8,0.25
"2021-08-24 23:15:00",233928,12.9,0.55,12.19,1,0.799,0.25
"2021-08-24 23:30:00",233929,12.89,0.549,12.05,1,0.799,0.25
"2021-08-24 23:45:00",233930,12.88,0.548,11.9,1,0.798,0.25
"2021-08-25 00:00:00",233931,12.87,0.548,11.77,1,0.797,0.25
"2021-08-25 00:15:00",233932,12.86,0.547,11.64,1,0.797,0.25
"2021-08-25 00:30:00",233933,12.84,0.546,11.5,1,0.796,0.25
"2021-08-25 00:45:00",233934,12.83,0.546,11.37,1,0.795,0.25
"2021-08-25 01:00:00",233935,12.82,0.545,11.25,1,0.795,0.25
"2021-08-25 01:15:00",233936,12.81,0.544,11.12,1,0.794,0.25
"2021-08-25 01:30:00",233937,12.8,0.544,11,1,0.793,0.25
"2021-08-25 01:45:00",233938,12.79,0.542,10.88,1,0.792,0.25
"2021-08-25 02:00:00",233939,12.78,0.542,10.77,1,0.792,0.25
"2021-08-25 02:15:00",233940,12.77,0.541,10.66,1,0.79,0.25
"2021-08-25 02:30:00",233941,12.75,0.541,10.55,1,0.791,0.25
"2021-08-25 02:45:00",233942,12.74,0.54,10.44,1,0.79,0.25
"2021-08-25 03:00:00",233943,12.73,0.54,10.34,1,0.79,0.25
"2021-08-25 03:15:00",233944,12.72,0.54,10.24,1,0.789,0.25
"2021-08-25 03:30:00",233945,12.71,0.54,10.14,1,0.789,0.25
"2021-08-25 03:45:00",233946,12.7,0.539,10.05,1,0.789,0.25
"2021-08-25 04:00:00",233947,12.69,0.539,9.95,1,0.788,0.25
"2021-08-25 04:15:00",233948,12.68,0.538,9.86,1,0.788,0.25
"2021-08-25 04:30:00",233949,12.67,0.538,9.77,1,0.788,0.25
"2021-08-25 04:45:00",233950,12.66,0.538,9.68,1,0.788,0.25
"2021-08-25 05:00:00",233951,12.65,0.538,9.59,1,0.788,0.25
"2021-08-25 05:15:00",233952,12.64,0.538,9.49,1,0.788,0.25
"2021-08-25 05:30:00",233953,12.63,0.539,9.4,1,0.788,0.25
"2021-08-25 05:45:00",233954,12.62,0.539,9.31,1,0.789,0.25
"2021-08-25 06:00:00",233955,12.61,0.539,9.22,1,0.788,0.25
"2021-08-25 06:15:00",233956,12.6,0.54,9.12,1,0.79,0.25
"2021-08-25 06:30:00",233957,12.59,0.54,9.04,1,0.79,0.25
"2021-08-25 06:45:00",233958,12.58,0.54,8.94,1,0.79,0.25
"2021-08-25 07:00:00",233959,12.57,0.541,8.85,1,0.791,0.25
"2021-08-25 07:15:00",233960,12.56,0.541,8.78,1,0.791,0.25
"2021-08-25 07:30:00",233961,12.55,0.542,8.7,1,0.792,0.25
"2021-08-25 07:45:00",233962,12.56,0.543,8.63,1,0.792,0.25
"2021-08-25 08:00:00",233963,12.6,0.543,8.57,1,0.793,0.25
"2021-08-25 08:15:00",233964,12.67,0.543,8.53,1,0.792,0.25
"2021-08-25 08:30:00",233965,12.78,0.541,8.5,1,0.791,0.25
"2021-08-25 08:45:00",233966,12.93,0.542,8.5,1,0.792,0.25
"2021-08-25 09:00:00",233967,13.14,0.543,8.5,1,0.792,0.25
"2021-08-25 09:15:00",233968,13.64,0.545,8.52,1,0.794,0.25
"2021-08-25 09:30:00",233969,13.58,0.546,8.6,1,0.796,0.25
"2021-08-25 09:45:00",233970,13.55,0.547,8.94,1,0.797,0.25
"2021-08-25 10:00:00",233971,13.53,0.549,9.2,1,0.798,0.25
"2021-08-25 10:15:00",233972,13.52,0.55,9.38,1,0.8,0.25
"2021-08-25 10:30:00",233973,13.5,0.552,9.58,1,0.801,0.25
"2021-08-25 10:45:00",233974,13.5,0.55,9.72,1,0.8,0.25
"2021-08-25 11:00:00",233975,13.49,0.548,9.88,1,0.798,0.25
"2021-08-25 11:15:00",233976,13.48,0.552,10.1,1,0.802,0.25
"2021-08-25 11:30:00",233977,13.47,0.552,10.4,1,0.801,0.25
"2021-08-25 11:45:00",233978,13.46,0.554,10.74,1,0.803,0.25
"2021-08-25 12:00:00",233979,13.44,0.553,10.98,1,0.803,0.25
"2021-08-25 12:15:00",233980,13.42,0.551,11.3,1,0.801,0.25
"2021-08-25 12:30:00",233981,13.4,0.551,11.74,1,0.801,0.25
"2021-08-25 12:45:00",233982,13.38,0.551,12.17,1,0.801,0.25
"2021-08-25 13:00:00",233983,13.37,0.552,12.41,1,0.801,0.25
"2021-08-25 13:15:00",233984,13.35,0.552,12.83,1,0.802,0.25
"2021-08-25 13:30:00",233985,13.35,0.553,13.23,1,0.802,0.25
"2021-08-25 13:45:00",233986,13.35,0.551,13.61,1,0.8,0.25
"2021-08-25 14:00:00",233987,13.35,0.554,13.87,1,0.803,0.25
"2021-08-25 14:15:00",233988,13.34,0.554,14.22,1,0.804,0.25
"2021-08-25 14:30:00",233989,13.32,0.553,14.53,1,0.802,0.25
"2021-08-25 14:45:00",233990,13.3,0.555,14.74,1,0.805,0.25
"2021-08-25 15:00:00",233991,13.29,0.557,14.97,1,0.807,0.25
"2021-08-25 15:15:00",233992,13.28,0.557,15.14,1,0.807,0.25
"2021-08-25 15:30:00",233993,13.26,0.557,15.33,1,0.806,0.25
"2021-08-25 15:45:00",233994,13.27,0.559,15.49,1,0.808,0.25
"2021-08-25 16:00:00",233995,13.27,0.555,15.63,1,0.805,0.25
